#36
 8 0
 8 1
 8 2
 8 3
 8 4
 8 5
 8 6
 8 7
0
161
#51
 8 0
 8 1
 8 2
 8 3
 8 4
 8 5
 8 6
 8 7
0
173
#24
 8 0
 8 1
 8 2
 8 3
 8 4
 8 5
 8 6
 8 7
0
171
#24
 8 0
 8 1
 8 2
 8 3
 8 4
 8 5
 8 6
 8 7
0
170
#17
 8 0
 8 1
 8 2
 8 3
 8 4
 8 5
 8 6
 8 7
0
161
#31
 8 0
 8 1
 8 2
 8 3
 8 4
 8 5
 8 6
 8 7
0
160
#28
 8 0
 8 1
 8 2
 8 3
 8 4
 8 5
 8 6
 8 7
0
169
#16
 8 0
 8 1
 8 2
 8 3
 8 4
 8 5
 8 6
 8 7
0
160
#13
 8 0
 8 1
 8 2
 8 3
 8 4
 8 5
 8 6
 8 7
0
159
#11
 8 0
 8 1
 8 2
 8 3
 8 4
 8 5
 8 6
 8 7
0
158
#16
 8 0
 8 1
 8 2
 8 3
 8 4
 8 5
 8 6
 8 7
0
157
#28
 8 0
 8 1
 8 2
 8 3
 8 4
 8 5
 8 6
 8 7
0
168
#31
 8 0
 8 1
 8 2
 8 3
 8 4
 8 5
 8 6
 8 7
0
159
#35
 8 0
 8 1
 8 2
 8 3
 8 4
 8 5
 8 6
 8 7
0
158
#14
 8 0
 8 1
 8 2
 8 3
 8 4
 8 5
 8 6
 8 7
0
156
#51
 8 0
 8 1
 8 2
 8 3
 8 4
 8 5
 8 6
 8 7
0
172
#18
 8 0
 8 1
 8 2
 8 3
 8 4
 8 5
 8 6
 8 7
0
155
#35
 8 0
 8 1
 8 2
 8 3
 8 4
 8 5
 8 6
 8 7
0
157
#22
 8 0
 8 1
 8 2
 8 3
 8 4
 8 5
 8 6
 8 7
0
167
#51
 8 0
 8 1
 8 2
 8 3
 8 4
 8 5
 8 6
 8 7
0
171
#33
 8 0
 8 1
 8 2
 8 3
 8 4
 8 5
 8 6
 8 7
0
156
#52
 8 0
 8 1
 8 2
 8 3
 8 4
 8 5
 8 6
 8 7
0
170
#01
 8 0
 8 1
 8 2
 8 3
 8 4
 8 5
 8 6
 8 7
0
169
#46
 8 0
 8 1
 8 2
 8 3
 8 4
 8 5
 8 6
 8 7
0
159
#36
 8 0
 8 1
 8 2
 8 3
 8 4
 8 5
 8 6
 8 7
0
155
#56
 8 0
 8 1
 8 2
 8 3
 8 4
 8 5
 8 6
 8 7
0
169
#27
 8 0
 8 1
 8 2
 8 3
 8 4
 8 5
 8 6
 8 7
0
166
#17
 8 0
 8 1
 8 2
 8 3
 8 4
 8 5
 8 6
 8 7
0
154
#21
 8 0
 8 1
 8 2
 8 3
 8 4
 8 5
 8 6
 8 7
0
165
#36
 8 0
 8 1
 8 2
 8 3
 8 4
 8 5
 8 6
 8 7
0
154
#17
 8 0
 8 1
 8 2
 8 3
 8 4
 8 5
 8 6
 8 7
0
153
#33
 8 0
 8 1
 8 2
 8 3
 8 4
 8 5
 8 6
 8 7
0
153
#15
 8 0
 8 1
 8 2
 8 3
 8 4
 8 5
 8 6
 8 7
0
152
#32
 8 0
 8 1
 8 2
 8 3
 8 4
 8 5
 8 6
 8 7
0
152
#18
 8 0
 8 1
 8 2
 8 3
 8 4
 8 5
 8 6
 8 7
0
151
#53
 8 0
 8 1
 8 2
 8 3
 8 4
 8 5
 8 6
 8 7
0
168
#21
 8 0
 8 1
 8 2
 8 3
 8 4
 8 5
 8 6
 8 7
0
164
#18
 8 0
 8 1
 8 2
 8 3
 8 4
 8 5
 8 6
 8 7
0
150
#28
 8 0
 8 1
 8 2
 8 3
 8 4
 8 5
 8 6
 8 7
0
163
#52
 8 0
 8 1
 8 2
 8 3
 8 4
 8 5
 8 6
 8 7
0
167
#06
 8 0
 8 1
 8 2
 8 3
 8 4
 8 5
 8 6
 8 7
0
168
#35
 8 0
 8 1
 8 2
 8 3
 8 4
 8 5
 8 6
 8 7
0
151
#25
 8 0
 8 1
 8 2
 8 3
 8 4
 8 5
 8 6
 8 7
0
162
#42
 8 0
 8 1
 8 2
 8 3
 8 4
 8 5
 8 6
 8 7
0
158
#13
 8 0
 8 1
 8 2
 8 3
 8 4
 8 5
 8 6
 8 7
0
149
#01
 8 0
 8 1
 8 2
 8 3
 8 4
 8 5
 8 6
 8 7
0
167
#36
 8 0
 8 1
 8 2
 8 3
 8 4
 8 5
 8 6
 8 7
0
150
#25
 8 0
 8 1
 8 2
 8 3
 8 4
 8 5
 8 6
 8 7
0
161
#53
 8 0
 8 1
 8 2
 8 3
 8 4
 8 5
 8 6
 8 7
0
166
#47
 8 0
 8 1
 8 2
 8 3
 8 4
 8 5
 8 6
 8 7
0
157
#55
 8 0
 8 1
 8 2
 8 3
 8 4
 8 5
 8 6
 8 7
0
165
#48
 8 0
 8 1
 8 2
 8 3
 8 4
 8 5
 8 6
 8 7
0
156
#54
 8 0
 8 1
 8 2
 8 3
 8 4
 8 5
 8 6
 8 7
0
164
#47
 8 0
 8 1
 8 2
 8 3
 8 4
 8 5
 8 6
 8 7
0
155
#45
 8 0
 8 1
 8 2
 8 3
 8 4
 8 5
 8 6
 8 7
0
154
#08
 8 0
 8 1
 8 2
 8 3
 8 4
 8 5
 8 6
 8 7
0
166
#12
 8 0
 8 1
 8 2
 8 3
 8 4
 8 5
 8 6
 8 7
0
148
#38
 8 0
 8 1
 8 2
 8 3
 8 4
 8 5
 8 6
 8 7
0
149
#54
 8 0
 8 1
 8 2
 8 3
 8 4
 8 5
 8 6
 8 7
0
163
#55
 8 0
 8 1
 8 2
 8 3
 8 4
 8 5
 8 6
 8 7
0
162
#12
 8 0
 8 1
 8 2
 8 3
 8 4
 8 5
 8 6
 8 7
0
147
#46
 8 0
 8 1
 8 2
 8 3
 8 4
 8 5
 8 6
 8 7
0
153
#17
 8 0
 8 1
 8 2
 8 3
 8 4
 8 5
 8 6
 8 7
0
146
#34
 8 0
 8 1
 8 2
 8 3
 8 4
 8 5
 8 6
 8 7
0
148
#15
 8 0
 8 1
 8 2
 8 3
 8 4
 8 5
 8 6
 8 7
0
145
#14
 8 0
 8 1
 8 2
 8 3
 8 4
 8 5
 8 6
 8 7
0
144
#16
 8 0
 8 1
 8 2
 8 3
 8 4
 8 5
 8 6
 8 7
0
143
#25
 8 0
 8 1
 8 2
 8 3
 8 4
 8 5
 8 6
 8 7
0
160
#46
 8 0
 8 1
 8 2
 8 3
 8 4
 8 5
 8 6
 8 7
0
152
#47
 8 0
 8 1
 8 2
 8 3
 8 4
 8 5
 8 6
 8 7
0
151
#08
 8 0
 8 1
 8 2
 8 3
 8 4
 8 5
 8 6
 8 7
0
165
#25
 8 0
 8 1
 8 2
 8 3
 8 4
 8 5
 8 6
 8 7
0
159
#57
 8 0
 8 1
 8 2
 8 3
 8 4
 8 5
 8 6
 8 7
0
161
#05
 8 0
 8 1
 8 2
 8 3
 8 4
 8 5
 8 6
 8 7
0
164
#33
 8 0
 8 1
 8 2
 8 3
 8 4
 8 5
 8 6
 8 7
0
147
#26
 8 0
 8 1
 8 2
 8 3
 8 4
 8 5
 8 6
 8 7
0
158
#55
 8 0
 8 1
 8 2
 8 3
 8 4
 8 5
 8 6
 8 7
0
160
#06
 8 0
 8 1
 8 2
 8 3
 8 4
 8 5
 8 6
 8 7
0
163
#37
 8 0
 8 1
 8 2
 8 3
 8 4
 8 5
 8 6
 8 7
0
146
#38
 8 0
 8 1
 8 2
 8 3
 8 4
 8 5
 8 6
 8 7
0
145
#32
 8 0
 8 1
 8 2
 8 3
 8 4
 8 5
 8 6
 8 7
0
144
#25
 8 0
 8 1
 8 2
 8 3
 8 4
 8 5
 8 6
 8 7
0
157
#06
 8 0
 8 1
 8 2
 8 3
 8 4
 8 5
 8 6
 8 7
0
162
#54
 8 0
 8 1
 8 2
 8 3
 8 4
 8 5
 8 6
 8 7
0
159
#03
 8 0
 8 1
 8 2
 8 3
 8 4
 8 5
 8 6
 8 7
0
161
#45
 8 0
 8 1
 8 2
 8 3
 8 4
 8 5
 8 6
 8 7
0
150
#33
 8 0
 8 1
 8 2
 8 3
 8 4
 8 5
 8 6
 8 7
0
143
#13
 8 0
 8 1
 8 2
 8 3
 8 4
 8 5
 8 6
 8 7
0
142
#21
 8 0
 8 1
 8 2
 8 3
 8 4
 8 5
 8 6
 8 7
0
156
#05
 8 0
 8 1
 8 2
 8 3
 8 4
 8 5
 8 6
 8 7
0
160
#42
 8 0
 8 1
 8 2
 8 3
 8 4
 8 5
 8 6
 8 7
0
149
#46
 8 0
 8 1
 8 2
 8 3
 8 4
 8 5
 8 6
 8 7
0
148
#53
 8 0
 8 1
 8 2
 8 3
 8 4
 8 5
 8 6
 8 7
0
158
#43
 8 0
 8 1
 8 2
 8 3
 8 4
 8 5
 8 6
 8 7
0
147
#45
 8 0
 8 1
 8 2
 8 3
 8 4
 8 5
 8 6
 8 7
0
146
#46
 8 0
 8 1
 8 2
 8 3
 8 4
 8 5
 8 6
 8 7
0
145
#12
 8 0
 8 1
 8 2
 8 3
 8 4
 8 5
 8 6
 8 7
0
141
#22
 8 0
 8 1
 8 2
 8 3
 8 4
 8 5
 8 6
 8 7
0
155
#36
 8 0
 8 1
 8 2
 8 3
 8 4
 8 5
 8 6
 8 7
0
142
#47
 8 0
 8 1
 8 2
 8 3
 8 4
 8 5
 8 6
 8 7
0
144
#52
 8 0
 8 1
 8 2
 8 3
 8 4
 8 5
 8 6
 8 7
0
157
#32
 8 0
 8 1
 8 2
 8 3
 8 4
 8 5
 8 6
 8 7
0
141
#47
 8 0
 8 1
 8 2
 8 3
 8 4
 8 5
 8 6
 8 7
0
143
#04
 8 0
 8 1
 8 2
 8 3
 8 4
 8 5
 8 6
 8 7
0
159
#06
 8 0
 8 1
 8 2
 8 3
 8 4
 8 5
 8 6
 8 7
0
158
#27
 8 0
 8 1
 8 2
 8 3
 8 4
 8 5
 8 6
 8 7
0
154
#51
 8 0
 8 1
 8 2
 8 3
 8 4
 8 5
 8 6
 8 7
0
156
#42
 8 0
 8 1
 8 2
 8 3
 8 4
 8 5
 8 6
 8 7
0
142
#02
 8 0
 8 1
 8 2
 8 3
 8 4
 8 5
 8 6
 8 7
0
157
#05
 8 0
 8 1
 8 2
 8 3
 8 4
 8 5
 8 6
 8 7
0
156
#36
 8 0
 8 1
 8 2
 8 3
 8 4
 8 5
 8 6
 8 7
0
140
#13
 8 0
 8 1
 8 2
 8 3
 8 4
 8 5
 8 6
 8 7
0
140
#06
 8 0
 8 1
 8 2
 8 3
 8 4
 8 5
 8 6
 8 7
0
155
#31
 8 0
 8 1
 8 2
 8 3
 8 4
 8 5
 8 6
 8 7
0
139
#25
 8 0
 8 1
 8 2
 8 3
 8 4
 8 5
 8 6
 8 7
0
153
#25
 8 0
 8 1
 8 2
 8 3
 8 4
 8 5
 8 6
 8 7
0
152
#54
 8 0
 8 1
 8 2
 8 3
 8 4
 8 5
 8 6
 8 7
0
155
#03
 8 0
 8 1
 8 2
 8 3
 8 4
 8 5
 8 6
 8 7
0
154
#13
 8 0
 8 1
 8 2
 8 3
 8 4
 8 5
 8 6
 8 7
0
139
#03
 8 0
 8 1
 8 2
 8 3
 8 4
 8 5
 8 6
 8 7
0
153
#43
 8 0
 8 1
 8 2
 8 3
 8 4
 8 5
 8 6
 8 7
0
141
#18
 8 0
 8 1
 8 2
 8 3
 8 4
 8 5
 8 6
 8 7
0
138
#52
 8 0
 8 1
 8 2
 8 3
 8 4
 8 5
 8 6
 8 7
0
154
#25
 8 0
 8 1
 8 2
 8 3
 8 4
 8 5
 8 6
 8 7
0
151
#41
 8 0
 8 1
 8 2
 8 3
 8 4
 8 5
 8 6
 8 7
0
140
#46
 8 0
 8 1
 8 2
 8 3
 8 4
 8 5
 8 6
 8 7
0
139
#57
 8 0
 8 1
 8 2
 8 3
 8 4
 8 5
 8 6
 8 7
0
153
#56
 8 0
 8 1
 8 2
 8 3
 8 4
 8 5
 8 6
 8 7
0
152
#25
 8 0
 8 1
 8 2
 8 3
 8 4
 8 5
 8 6
 8 7
0
150
#57
 8 0
 8 1
 8 2
 8 3
 8 4
 8 5
 8 6
 8 7
0
151
#17
 8 0
 8 1
 8 2
 8 3
 8 4
 8 5
 8 6
 8 7
0
137
#52
 8 0
 8 1
 8 2
 8 3
 8 4
 8 5
 8 6
 8 7
0
150
#04
 8 0
 8 1
 8 2
 8 3
 8 4
 8 5
 8 6
 8 7
0
152
#18
 8 0
 8 1
 8 2
 8 3
 8 4
 8 5
 8 6
 8 7
0
136
#57
 8 0
 8 1
 8 2
 8 3
 8 4
 8 5
 8 6
 8 7
0
149
#17
 8 0
 8 1
 8 2
 8 3
 8 4
 8 5
 8 6
 8 7
0
135
#24
 8 0
 8 1
 8 2
 8 3
 8 4
 8 5
 8 6
 8 7
0
149
#14
 8 0
 8 1
 8 2
 8 3
 8 4
 8 5
 8 6
 8 7
0
134
#45
 8 0
 8 1
 8 2
 8 3
 8 4
 8 5
 8 6
 8 7
0
138
#58
 8 0
 8 1
 8 2
 8 3
 8 4
 8 5
 8 6
 8 7
0
148
#45
 8 0
 8 1
 8 2
 8 3
 8 4
 8 5
 8 6
 8 7
0
137
#26
 8 0
 8 1
 8 2
 8 3
 8 4
 8 5
 8 6
 8 7
0
148
#57
 8 0
 8 1
 8 2
 8 3
 8 4
 8 5
 8 6
 8 7
0
147
#47
 8 0
 8 1
 8 2
 8 3
 8 4
 8 5
 8 6
 8 7
0
136
#53
 8 0
 8 1
 8 2
 8 3
 8 4
 8 5
 8 6
 8 7
0
146
#24
 8 0
 8 1
 8 2
 8 3
 8 4
 8 5
 8 6
 8 7
0
147
#51
 8 0
 8 1
 8 2
 8 3
 8 4
 8 5
 8 6
 8 7
0
145
#44
 8 0
 8 1
 8 2
 8 3
 8 4
 8 5
 8 6
 8 7
0
135
#03
 8 0
 8 1
 8 2
 8 3
 8 4
 8 5
 8 6
 8 7
0
151
#13
 8 0
 8 1
 8 2
 8 3
 8 4
 8 5
 8 6
 8 7
0
133
#06
 8 0
 8 1
 8 2
 8 3
 8 4
 8 5
 8 6
 8 7
0
150
#31
 8 0
 8 1
 8 2
 8 3
 8 4
 8 5
 8 6
 8 7
0
138
#52
 8 0
 8 1
 8 2
 8 3
 8 4
 8 5
 8 6
 8 7
0
144
#33
 8 0
 8 1
 8 2
 8 3
 8 4
 8 5
 8 6
 8 7
0
137
#01
 8 0
 8 1
 8 2
 8 3
 8 4
 8 5
 8 6
 8 7
0
149
#43
 8 0
 8 1
 8 2
 8 3
 8 4
 8 5
 8 6
 8 7
0
134
#54
 8 0
 8 1
 8 2
 8 3
 8 4
 8 5
 8 6
 8 7
0
143
#18
 8 0
 8 1
 8 2
 8 3
 8 4
 8 5
 8 6
 8 7
0
132
#02
 8 0
 8 1
 8 2
 8 3
 8 4
 8 5
 8 6
 8 7
0
148
#18
 8 0
 8 1
 8 2
 8 3
 8 4
 8 5
 8 6
 8 7
0
131
#47
 8 0
 8 1
 8 2
 8 3
 8 4
 8 5
 8 6
 8 7
0
133
#08
 8 0
 8 1
 8 2
 8 3
 8 4
 8 5
 8 6
 8 7
0
147
#43
 8 0
 8 1
 8 2
 8 3
 8 4
 8 5
 8 6
 8 7
0
132
#42
 8 0
 8 1
 8 2
 8 3
 8 4
 8 5
 8 6
 8 7
0
131
#43
 8 0
 8 1
 8 2
 8 3
 8 4
 8 5
 8 6
 8 7
0
130
#43
 8 0
 8 1
 8 2
 8 3
 8 4
 8 5
 8 6
 8 7
0
129
#02
 8 0
 8 1
 8 2
 8 3
 8 4
 8 5
 8 6
 8 7
0
146
#05
 8 0
 8 1
 8 2
 8 3
 8 4
 8 5
 8 6
 8 7
0
145
#52
 8 0
 8 1
 8 2
 8 3
 8 4
 8 5
 8 6
 8 7
0
142
#06
 8 0
 8 1
 8 2
 8 3
 8 4
 8 5
 8 6
 8 7
0
144
#18
 8 0
 8 1
 8 2
 8 3
 8 4
 8 5
 8 6
 8 7
0
130
#33
 8 0
 8 1
 8 2
 8 3
 8 4
 8 5
 8 6
 8 7
0
136
#08
 8 0
 8 1
 8 2
 8 3
 8 4
 8 5
 8 6
 8 7
0
143
#03
 8 0
 8 1
 8 2
 8 3
 8 4
 8 5
 8 6
 8 7
0
142
#27
 8 0
 8 1
 8 2
 8 3
 8 4
 8 5
 8 6
 8 7
0
146
#42
 8 0
 8 1
 8 2
 8 3
 8 4
 8 5
 8 6
 8 7
0
128
#21
 8 0
 8 1
 8 2
 8 3
 8 4
 8 5
 8 6
 8 7
0
145
#54
 8 0
 8 1
 8 2
 8 3
 8 4
 8 5
 8 6
 8 7
0
141
#01
 8 0
 8 1
 8 2
 8 3
 8 4
 8 5
 8 6
 8 7
0
141
#17
 8 0
 8 1
 8 2
 8 3
 8 4
 8 5
 8 6
 8 7
0
129
#48
 8 0
 8 1
 8 2
 8 3
 8 4
 8 5
 8 6
 8 7
0
127
#16
 8 0
 8 1
 8 2
 8 3
 8 4
 8 5
 8 6
 8 7
0
128
#32
 8 0
 8 1
 8 2
 8 3
 8 4
 8 5
 8 6
 8 7
0
135
#24
 8 0
 8 1
 8 2
 8 3
 8 4
 8 5
 8 6
 8 7
0
144
#07
 8 0
 8 1
 8 2
 8 3
 8 4
 8 5
 8 6
 8 7
0
140
#13
 8 0
 8 1
 8 2
 8 3
 8 4
 8 5
 8 6
 8 7
0
127
#43
 8 0
 8 1
 8 2
 8 3
 8 4
 8 5
 8 6
 8 7
0
126
#42
 8 0
 8 1
 8 2
 8 3
 8 4
 8 5
 8 6
 8 7
0
125
#36
 8 0
 8 1
 8 2
 8 3
 8 4
 8 5
 8 6
 8 7
0
134
#03
 8 0
 8 1
 8 2
 8 3
 8 4
 8 5
 8 6
 8 7
0
139
#26
 8 0
 8 1
 8 2
 8 3
 8 4
 8 5
 8 6
 8 7
0
143
#11
 8 0
 8 1
 8 2
 8 3
 8 4
 8 5
 8 6
 8 7
0
126
#48
 8 0
 8 1
 8 2
 8 3
 8 4
 8 5
 8 6
 8 7
0
124
#12
 8 0
 8 1
 8 2
 8 3
 8 4
 8 5
 8 6
 8 7
0
125
#43
 8 0
 8 1
 8 2
 8 3
 8 4
 8 5
 8 6
 8 7
0
123
#12
 8 0
 8 1
 8 2
 8 3
 8 4
 8 5
 8 6
 8 7
0
124
#35
 8 0
 8 1
 8 2
 8 3
 8 4
 8 5
 8 6
 8 7
0
133
#38
 8 0
 8 1
 8 2
 8 3
 8 4
 8 5
 8 6
 8 7
0
132
#01
 8 0
 8 1
 8 2
 8 3
 8 4
 8 5
 8 6
 8 7
0
138
#51
 8 0
 8 1
 8 2
 8 3
 8 4
 8 5
 8 6
 8 7
0
140
#05
 8 0
 8 1
 8 2
 8 3
 8 4
 8 5
 8 6
 8 7
0
137
#42
 8 0
 8 1
 8 2
 8 3
 8 4
 8 5
 8 6
 8 7
0
122
#53
 8 0
 8 1
 8 2
 8 3
 8 4
 8 5
 8 6
 8 7
0
139
#05
 8 0
 8 1
 8 2
 8 3
 8 4
 8 5
 8 6
 8 7
0
136
#23
 8 0
 8 1
 8 2
 8 3
 8 4
 8 5
 8 6
 8 7
0
142
#17
 8 0
 8 1
 8 2
 8 3
 8 4
 8 5
 8 6
 8 7
0
123
#13
 8 0
 8 1
 8 2
 8 3
 8 4
 8 5
 8 6
 8 7
0
122
#55
 8 0
 8 1
 8 2
 8 3
 8 4
 8 5
 8 6
 8 7
0
138
#36
 8 0
 8 1
 8 2
 8 3
 8 4
 8 5
 8 6
 8 7
0
131
#05
 8 0
 8 1
 8 2
 8 3
 8 4
 8 5
 8 6
 8 7
0
135
#18
 8 0
 8 1
 8 2
 8 3
 8 4
 8 5
 8 6
 8 7
0
121
#01
 8 0
 8 1
 8 2
 8 3
 8 4
 8 5
 8 6
 8 7
0
134
#05
 8 0
 8 1
 8 2
 8 3
 8 4
 8 5
 8 6
 8 7
0
133
#36
 8 0
 8 1
 8 2
 8 3
 8 4
 8 5
 8 6
 8 7
0
130
#18
 8 0
 8 1
 8 2
 8 3
 8 4
 8 5
 8 6
 8 7
0
120
#42
 8 0
 8 1
 8 2
 8 3
 8 4
 8 5
 8 6
 8 7
0
121
#38
 8 0
 8 1
 8 2
 8 3
 8 4
 8 5
 8 6
 8 7
0
129
#12
 8 0
 8 1
 8 2
 8 3
 8 4
 8 5
 8 6
 8 7
0
119
#57
 8 0
 8 1
 8 2
 8 3
 8 4
 8 5
 8 6
 8 7
0
137
#45
 8 0
 8 1
 8 2
 8 3
 8 4
 8 5
 8 6
 8 7
0
120
#14
 8 0
 8 1
 8 2
 8 3
 8 4
 8 5
 8 6
 8 7
0
118
#35
 8 0
 8 1
 8 2
 8 3
 8 4
 8 5
 8 6
 8 7
0
128
#03
 8 0
 8 1
 8 2
 8 3
 8 4
 8 5
 8 6
 8 7
0
132
#36
 8 0
 8 1
 8 2
 8 3
 8 4
 8 5
 8 6
 8 7
0
127
#02
 8 0
 8 1
 8 2
 8 3
 8 4
 8 5
 8 6
 8 7
0
131
#38
 8 0
 8 1
 8 2
 8 3
 8 4
 8 5
 8 6
 8 7
0
126
#27
 8 0
 8 1
 8 2
 8 3
 8 4
 8 5
 8 6
 8 7
0
141
#03
 8 0
 8 1
 8 2
 8 3
 8 4
 8 5
 8 6
 8 7
0
130
#07
 8 0
 8 1
 8 2
 8 3
 8 4
 8 5
 8 6
 8 7
0
129
#04
 8 0
 8 1
 8 2
 8 3
 8 4
 8 5
 8 6
 8 7
0
128
#47
 8 0
 8 1
 8 2
 8 3
 8 4
 8 5
 8 6
 8 7
0
119
#07
 8 0
 8 1
 8 2
 8 3
 8 4
 8 5
 8 6
 8 7
0
127
#32
 8 0
 8 1
 8 2
 8 3
 8 4
 8 5
 8 6
 8 7
0
125
#53
 8 0
 8 1
 8 2
 8 3
 8 4
 8 5
 8 6
 8 7
0
136
#18
 8 0
 8 1
 8 2
 8 3
 8 4
 8 5
 8 6
 8 7
0
117
#57
 8 0
 8 1
 8 2
 8 3
 8 4
 8 5
 8 6
 8 7
0
135
#53
 8 0
 8 1
 8 2
 8 3
 8 4
 8 5
 8 6
 8 7
0
134
#12
 8 0
 8 1
 8 2
 8 3
 8 4
 8 5
 8 6
 8 7
0
116
#34
 8 0
 8 1
 8 2
 8 3
 8 4
 8 5
 8 6
 8 7
0
124
#12
 8 0
 8 1
 8 2
 8 3
 8 4
 8 5
 8 6
 8 7
0
115
#03
 8 0
 8 1
 8 2
 8 3
 8 4
 8 5
 8 6
 8 7
0
126
#57
 8 0
 8 1
 8 2
 8 3
 8 4
 8 5
 8 6
 8 7
0
133
#37
 8 0
 8 1
 8 2
 8 3
 8 4
 8 5
 8 6
 8 7
0
123
#33
 8 0
 8 1
 8 2
 8 3
 8 4
 8 5
 8 6
 8 7
0
122
#01
 8 0
 8 1
 8 2
 8 3
 8 4
 8 5
 8 6
 8 7
0
125
#23
 8 0
 8 1
 8 2
 8 3
 8 4
 8 5
 8 6
 8 7
0
140
#13
 8 0
 8 1
 8 2
 8 3
 8 4
 8 5
 8 6
 8 7
0
114
#34
 8 0
 8 1
 8 2
 8 3
 8 4
 8 5
 8 6
 8 7
0
121
#21
 8 0
 8 1
 8 2
 8 3
 8 4
 8 5
 8 6
 8 7
0
139
#21
 8 0
 8 1
 8 2
 8 3
 8 4
 8 5
 8 6
 8 7
0
138
#21
 8 0
 8 1
 8 2
 8 3
 8 4
 8 5
 8 6
 8 7
0
137
#01
 8 0
 8 1
 8 2
 8 3
 8 4
 8 5
 8 6
 8 7
0
124
#14
 8 0
 8 1
 8 2
 8 3
 8 4
 8 5
 8 6
 8 7
0
113
#42
 8 0
 8 1
 8 2
 8 3
 8 4
 8 5
 8 6
 8 7
0
118
#08
 8 0
 8 1
 8 2
 8 3
 8 4
 8 5
 8 6
 8 7
0
123
#27
 8 0
 8 1
 8 2
 8 3
 8 4
 8 5
 8 6
 8 7
0
136
#14
 8 0
 8 1
 8 2
 8 3
 8 4
 8 5
 8 6
 8 7
0
112
#36
 8 0
 8 1
 8 2
 8 3
 8 4
 8 5
 8 6
 8 7
0
120
#13
 8 0
 8 1
 8 2
 8 3
 8 4
 8 5
 8 6
 8 7
0
111
#45
 8 0
 8 1
 8 2
 8 3
 8 4
 8 5
 8 6
 8 7
0
117
#13
 8 0
 8 1
 8 2
 8 3
 8 4
 8 5
 8 6
 8 7
0
110
#21
 8 0
 8 1
 8 2
 8 3
 8 4
 8 5
 8 6
 8 7
0
135
#25
 8 0
 8 1
 8 2
 8 3
 8 4
 8 5
 8 6
 8 7
0
134
#37
 8 0
 8 1
 8 2
 8 3
 8 4
 8 5
 8 6
 8 7
0
119
#18
 8 0
 8 1
 8 2
 8 3
 8 4
 8 5
 8 6
 8 7
0
109
#05
 8 0
 8 1
 8 2
 8 3
 8 4
 8 5
 8 6
 8 7
0
122
#07
 8 0
 8 1
 8 2
 8 3
 8 4
 8 5
 8 6
 8 7
0
121
#37
 8 0
 8 1
 8 2
 8 3
 8 4
 8 5
 8 6
 8 7
0
118
#21
 8 0
 8 1
 8 2
 8 3
 8 4
 8 5
 8 6
 8 7
0
133
#18
 8 0
 8 1
 8 2
 8 3
 8 4
 8 5
 8 6
 8 7
0
108
#44
 8 0
 8 1
 8 2
 8 3
 8 4
 8 5
 8 6
 8 7
0
116
#27
 8 0
 8 1
 8 2
 8 3
 8 4
 8 5
 8 6
 8 7
0
132
#25
 8 0
 8 1
 8 2
 8 3
 8 4
 8 5
 8 6
 8 7
0
131
#52
 8 0
 8 1
 8 2
 8 3
 8 4
 8 5
 8 6
 8 7
0
132
#12
 8 0
 8 1
 8 2
 8 3
 8 4
 8 5
 8 6
 8 7
0
107
#54
 8 0
 8 1
 8 2
 8 3
 8 4
 8 5
 8 6
 8 7
0
131
#44
 8 0
 8 1
 8 2
 8 3
 8 4
 8 5
 8 6
 8 7
0
115
#16
 8 0
 8 1
 8 2
 8 3
 8 4
 8 5
 8 6
 8 7
0
106
#24
 8 0
 8 1
 8 2
 8 3
 8 4
 8 5
 8 6
 8 7
0
130
#57
 8 0
 8 1
 8 2
 8 3
 8 4
 8 5
 8 6
 8 7
0
130
#26
 8 0
 8 1
 8 2
 8 3
 8 4
 8 5
 8 6
 8 7
0
129
#27
 8 0
 8 1
 8 2
 8 3
 8 4
 8 5
 8 6
 8 7
0
128
#56
 8 0
 8 1
 8 2
 8 3
 8 4
 8 5
 8 6
 8 7
0
129
#27
 8 0
 8 1
 8 2
 8 3
 8 4
 8 5
 8 6
 8 7
0
127
#27
 8 0
 8 1
 8 2
 8 3
 8 4
 8 5
 8 6
 8 7
0
126
#47
 8 0
 8 1
 8 2
 8 3
 8 4
 8 5
 8 6
 8 7
0
114
#21
 8 0
 8 1
 8 2
 8 3
 8 4
 8 5
 8 6
 8 7
0
125
#18
 8 0
 8 1
 8 2
 8 3
 8 4
 8 5
 8 6
 8 7
0
105
#47
 8 0
 8 1
 8 2
 8 3
 8 4
 8 5
 8 6
 8 7
0
113
#25
 8 0
 8 1
 8 2
 8 3
 8 4
 8 5
 8 6
 8 7
0
124
#15
 8 0
 8 1
 8 2
 8 3
 8 4
 8 5
 8 6
 8 7
0
104
#21
 8 0
 8 1
 8 2
 8 3
 8 4
 8 5
 8 6
 8 7
0
123
#25
 8 0
 8 1
 8 2
 8 3
 8 4
 8 5
 8 6
 8 7
0
122
#04
 8 0
 8 1
 8 2
 8 3
 8 4
 8 5
 8 6
 8 7
0
120
#24
 8 0
 8 1
 8 2
 8 3
 8 4
 8 5
 8 6
 8 7
0
121
#24
 8 0
 8 1
 8 2
 8 3
 8 4
 8 5
 8 6
 8 7
0
120
#15
 8 0
 8 1
 8 2
 8 3
 8 4
 8 5
 8 6
 8 7
0
103
#26
 8 0
 8 1
 8 2
 8 3
 8 4
 8 5
 8 6
 8 7
0
119
#25
 8 0
 8 1
 8 2
 8 3
 8 4
 8 5
 8 6
 8 7
0
118
#46
 8 0
 8 1
 8 2
 8 3
 8 4
 8 5
 8 6
 8 7
0
112
#45
 8 0
 8 1
 8 2
 8 3
 8 4
 8 5
 8 6
 8 7
0
111
#55
 8 0
 8 1
 8 2
 8 3
 8 4
 8 5
 8 6
 8 7
0
128
#47
 8 0
 8 1
 8 2
 8 3
 8 4
 8 5
 8 6
 8 7
0
110
#17
 8 0
 8 1
 8 2
 8 3
 8 4
 8 5
 8 6
 8 7
0
102
#44
 8 0
 8 1
 8 2
 8 3
 8 4
 8 5
 8 6
 8 7
0
109
#02
 8 0
 8 1
 8 2
 8 3
 8 4
 8 5
 8 6
 8 7
0
119
#41
 8 0
 8 1
 8 2
 8 3
 8 4
 8 5
 8 6
 8 7
0
108
#24
 8 0
 8 1
 8 2
 8 3
 8 4
 8 5
 8 6
 8 7
0
117
#36
 8 0
 8 1
 8 2
 8 3
 8 4
 8 5
 8 6
 8 7
0
117
#54
 8 0
 8 1
 8 2
 8 3
 8 4
 8 5
 8 6
 8 7
0
127
#22
 8 0
 8 1
 8 2
 8 3
 8 4
 8 5
 8 6
 8 7
0
116
#32
 8 0
 8 1
 8 2
 8 3
 8 4
 8 5
 8 6
 8 7
0
116
#51
 8 0
 8 1
 8 2
 8 3
 8 4
 8 5
 8 6
 8 7
0
126
#17
 8 0
 8 1
 8 2
 8 3
 8 4
 8 5
 8 6
 8 7
0
101
#03
 8 0
 8 1
 8 2
 8 3
 8 4
 8 5
 8 6
 8 7
0
118
#33
 8 0
 8 1
 8 2
 8 3
 8 4
 8 5
 8 6
 8 7
0
115
#31
 8 0
 8 1
 8 2
 8 3
 8 4
 8 5
 8 6
 8 7
0
114
#18
 8 0
 8 1
 8 2
 8 3
 8 4
 8 5
 8 6
 8 7
0
100
#32
 8 0
 8 1
 8 2
 8 3
 8 4
 8 5
 8 6
 8 7
0
113
#06
 8 0
 8 1
 8 2
 8 3
 8 4
 8 5
 8 6
 8 7
0
117
#18
 8 0
 8 1
 8 2
 8 3
 8 4
 8 5
 8 6
 8 7
0
99
#41
 8 0
 8 1
 8 2
 8 3
 8 4
 8 5
 8 6
 8 7
0
107
#11
 8 0
 8 1
 8 2
 8 3
 8 4
 8 5
 8 6
 8 7
0
98
#27
 8 0
 8 1
 8 2
 8 3
 8 4
 8 5
 8 6
 8 7
0
115
#22
 8 0
 8 1
 8 2
 8 3
 8 4
 8 5
 8 6
 8 7
0
114
#57
 8 0
 8 1
 8 2
 8 3
 8 4
 8 5
 8 6
 8 7
0
125
#27
 8 0
 8 1
 8 2
 8 3
 8 4
 8 5
 8 6
 8 7
0
113
#24
 8 0
 8 1
 8 2
 8 3
 8 4
 8 5
 8 6
 8 7
0
112
#04
 8 0
 8 1
 8 2
 8 3
 8 4
 8 5
 8 6
 8 7
0
116
#33
 8 0
 8 1
 8 2
 8 3
 8 4
 8 5
 8 6
 8 7
0
112
#31
 8 0
 8 1
 8 2
 8 3
 8 4
 8 5
 8 6
 8 7
0
111
#31
 8 0
 8 1
 8 2
 8 3
 8 4
 8 5
 8 6
 8 7
0
110
#44
 8 0
 8 1
 8 2
 8 3
 8 4
 8 5
 8 6
 8 7
0
106
#33
 8 0
 8 1
 8 2
 8 3
 8 4
 8 5
 8 6
 8 7
0
109
#44
 8 0
 8 1
 8 2
 8 3
 8 4
 8 5
 8 6
 8 7
0
105
#23
 8 0
 8 1
 8 2
 8 3
 8 4
 8 5
 8 6
 8 7
0
111
#41
 8 0
 8 1
 8 2
 8 3
 8 4
 8 5
 8 6
 8 7
0
104
#26
 8 0
 8 1
 8 2
 8 3
 8 4
 8 5
 8 6
 8 7
0
110
#16
 8 0
 8 1
 8 2
 8 3
 8 4
 8 5
 8 6
 8 7
0
97
#56
 8 0
 8 1
 8 2
 8 3
 8 4
 8 5
 8 6
 8 7
0
124
#55
 8 0
 8 1
 8 2
 8 3
 8 4
 8 5
 8 6
 8 7
0
123
#33
 8 0
 8 1
 8 2
 8 3
 8 4
 8 5
 8 6
 8 7
0
108
#14
 8 0
 8 1
 8 2
 8 3
 8 4
 8 5
 8 6
 8 7
0
96
#03
 8 0
 8 1
 8 2
 8 3
 8 4
 8 5
 8 6
 8 7
0
115
#15
 8 0
 8 1
 8 2
 8 3
 8 4
 8 5
 8 6
 8 7
0
95
#43
 8 0
 8 1
 8 2
 8 3
 8 4
 8 5
 8 6
 8 7
0
103
#23
 8 0
 8 1
 8 2
 8 3
 8 4
 8 5
 8 6
 8 7
0
109
#38
 8 0
 8 1
 8 2
 8 3
 8 4
 8 5
 8 6
 8 7
0
107
#16
 8 0
 8 1
 8 2
 8 3
 8 4
 8 5
 8 6
 8 7
0
94
#27
 8 0
 8 1
 8 2
 8 3
 8 4
 8 5
 8 6
 8 7
0
108
#02
 8 0
 8 1
 8 2
 8 3
 8 4
 8 5
 8 6
 8 7
0
114
#05
 8 0
 8 1
 8 2
 8 3
 8 4
 8 5
 8 6
 8 7
0
113
#41
 8 0
 8 1
 8 2
 8 3
 8 4
 8 5
 8 6
 8 7
0
102
#11
 8 0
 8 1
 8 2
 8 3
 8 4
 8 5
 8 6
 8 7
0
93
#26
 8 0
 8 1
 8 2
 8 3
 8 4
 8 5
 8 6
 8 7
0
107
#36
 8 0
 8 1
 8 2
 8 3
 8 4
 8 5
 8 6
 8 7
0
106
#52
 8 0
 8 1
 8 2
 8 3
 8 4
 8 5
 8 6
 8 7
0
122
#47
 8 0
 8 1
 8 2
 8 3
 8 4
 8 5
 8 6
 8 7
0
101
#28
 8 0
 8 1
 8 2
 8 3
 8 4
 8 5
 8 6
 8 7
0
106
#08
 8 0
 8 1
 8 2
 8 3
 8 4
 8 5
 8 6
 8 7
0
112
#23
 8 0
 8 1
 8 2
 8 3
 8 4
 8 5
 8 6
 8 7
0
105
#13
 8 0
 8 1
 8 2
 8 3
 8 4
 8 5
 8 6
 8 7
0
92
#06
 8 0
 8 1
 8 2
 8 3
 8 4
 8 5
 8 6
 8 7
0
111
#35
 8 0
 8 1
 8 2
 8 3
 8 4
 8 5
 8 6
 8 7
0
105
#52
 8 0
 8 1
 8 2
 8 3
 8 4
 8 5
 8 6
 8 7
0
121
#53
 8 0
 8 1
 8 2
 8 3
 8 4
 8 5
 8 6
 8 7
0
120
#32
 8 0
 8 1
 8 2
 8 3
 8 4
 8 5
 8 6
 8 7
0
104
#33
 8 0
 8 1
 8 2
 8 3
 8 4
 8 5
 8 6
 8 7
0
103
#06
 8 0
 8 1
 8 2
 8 3
 8 4
 8 5
 8 6
 8 7
0
110
#34
 8 0
 8 1
 8 2
 8 3
 8 4
 8 5
 8 6
 8 7
0
102
#31
 8 0
 8 1
 8 2
 8 3
 8 4
 8 5
 8 6
 8 7
0
101
#32
 8 0
 8 1
 8 2
 8 3
 8 4
 8 5
 8 6
 8 7
0
100
#16
 8 0
 8 1
 8 2
 8 3
 8 4
 8 5
 8 6
 8 7
0
91
#05
 8 0
 8 1
 8 2
 8 3
 8 4
 8 5
 8 6
 8 7
0
109
#58
 8 0
 8 1
 8 2
 8 3
 8 4
 8 5
 8 6
 8 7
0
119
#48
 8 0
 8 1
 8 2
 8 3
 8 4
 8 5
 8 6
 8 7
0
100
#53
 8 0
 8 1
 8 2
 8 3
 8 4
 8 5
 8 6
 8 7
0
118
#56
 8 0
 8 1
 8 2
 8 3
 8 4
 8 5
 8 6
 8 7
0
117
#02
 8 0
 8 1
 8 2
 8 3
 8 4
 8 5
 8 6
 8 7
0
108
#43
 8 0
 8 1
 8 2
 8 3
 8 4
 8 5
 8 6
 8 7
0
99
#46
 8 0
 8 1
 8 2
 8 3
 8 4
 8 5
 8 6
 8 7
0
98
#34
 8 0
 8 1
 8 2
 8 3
 8 4
 8 5
 8 6
 8 7
0
99
#24
 8 0
 8 1
 8 2
 8 3
 8 4
 8 5
 8 6
 8 7
0
104
#11
 8 0
 8 1
 8 2
 8 3
 8 4
 8 5
 8 6
 8 7
0
90
#17
 8 0
 8 1
 8 2
 8 3
 8 4
 8 5
 8 6
 8 7
0
89
#47
 8 0
 8 1
 8 2
 8 3
 8 4
 8 5
 8 6
 8 7
0
97
#41
 8 0
 8 1
 8 2
 8 3
 8 4
 8 5
 8 6
 8 7
0
96
#37
 8 0
 8 1
 8 2
 8 3
 8 4
 8 5
 8 6
 8 7
0
98
#13
 8 0
 8 1
 8 2
 8 3
 8 4
 8 5
 8 6
 8 7
0
88
#11
 8 0
 8 1
 8 2
 8 3
 8 4
 8 5
 8 6
 8 7
0
87
#56
 8 0
 8 1
 8 2
 8 3
 8 4
 8 5
 8 6
 8 7
0
116
#26
 8 0
 8 1
 8 2
 8 3
 8 4
 8 5
 8 6
 8 7
0
103
#36
 8 0
 8 1
 8 2
 8 3
 8 4
 8 5
 8 6
 8 7
0
97
#22
 8 0
 8 1
 8 2
 8 3
 8 4
 8 5
 8 6
 8 7
0
102
#37
 8 0
 8 1
 8 2
 8 3
 8 4
 8 5
 8 6
 8 7
0
96
#55
 8 0
 8 1
 8 2
 8 3
 8 4
 8 5
 8 6
 8 7
0
115
#43
 8 0
 8 1
 8 2
 8 3
 8 4
 8 5
 8 6
 8 7
0
95
#03
 8 0
 8 1
 8 2
 8 3
 8 4
 8 5
 8 6
 8 7
0
107
#21
 8 0
 8 1
 8 2
 8 3
 8 4
 8 5
 8 6
 8 7
0
101
#03
 8 0
 8 1
 8 2
 8 3
 8 4
 8 5
 8 6
 8 7
0
106
#57
 8 0
 8 1
 8 2
 8 3
 8 4
 8 5
 8 6
 8 7
0
114
#35
 8 0
 8 1
 8 2
 8 3
 8 4
 8 5
 8 6
 8 7
0
95
#27
 8 0
 8 1
 8 2
 8 3
 8 4
 8 5
 8 6
 8 7
0
100
#43
 8 0
 8 1
 8 2
 8 3
 8 4
 8 5
 8 6
 8 7
0
94
#32
 8 0
 8 1
 8 2
 8 3
 8 4
 8 5
 8 6
 8 7
0
94
#52
 8 0
 8 1
 8 2
 8 3
 8 4
 8 5
 8 6
 8 7
0
113
#48
 8 0
 8 1
 8 2
 8 3
 8 4
 8 5
 8 6
 8 7
0
93
#12
 8 0
 8 1
 8 2
 8 3
 8 4
 8 5
 8 6
 8 7
0
86
#33
 8 0
 8 1
 8 2
 8 3
 8 4
 8 5
 8 6
 8 7
0
93
#15
 8 0
 8 1
 8 2
 8 3
 8 4
 8 5
 8 6
 8 7
0
85
#28
 8 0
 8 1
 8 2
 8 3
 8 4
 8 5
 8 6
 8 7
0
99
#36
 8 0
 8 1
 8 2
 8 3
 8 4
 8 5
 8 6
 8 7
0
92
#26
 8 0
 8 1
 8 2
 8 3
 8 4
 8 5
 8 6
 8 7
0
98
#41
 8 0
 8 1
 8 2
 8 3
 8 4
 8 5
 8 6
 8 7
0
92
#37
 8 0
 8 1
 8 2
 8 3
 8 4
 8 5
 8 6
 8 7
0
91
#38
 8 0
 8 1
 8 2
 8 3
 8 4
 8 5
 8 6
 8 7
0
90
#34
 8 0
 8 1
 8 2
 8 3
 8 4
 8 5
 8 6
 8 7
0
89
#27
 8 0
 8 1
 8 2
 8 3
 8 4
 8 5
 8 6
 8 7
0
97
#28
 8 0
 8 1
 8 2
 8 3
 8 4
 8 5
 8 6
 8 7
0
96
#36
 8 0
 8 1
 8 2
 8 3
 8 4
 8 5
 8 6
 8 7
0
88
#38
 8 0
 8 1
 8 2
 8 3
 8 4
 8 5
 8 6
 8 7
0
87
#26
 8 0
 8 1
 8 2
 8 3
 8 4
 8 5
 8 6
 8 7
0
95
#01
 8 0
 8 1
 8 2
 8 3
 8 4
 8 5
 8 6
 8 7
0
105
#33
 8 0
 8 1
 8 2
 8 3
 8 4
 8 5
 8 6
 8 7
0
86
#34
 8 0
 8 1
 8 2
 8 3
 8 4
 8 5
 8 6
 8 7
0
85
#31
 8 0
 8 1
 8 2
 8 3
 8 4
 8 5
 8 6
 8 7
0
84
#23
 8 0
 8 1
 8 2
 8 3
 8 4
 8 5
 8 6
 8 7
0
94
#01
 8 0
 8 1
 8 2
 8 3
 8 4
 8 5
 8 6
 8 7
0
104
#44
 8 0
 8 1
 8 2
 8 3
 8 4
 8 5
 8 6
 8 7
0
91
#41
 8 0
 8 1
 8 2
 8 3
 8 4
 8 5
 8 6
 8 7
0
90
#43
 8 0
 8 1
 8 2
 8 3
 8 4
 8 5
 8 6
 8 7
0
89
#04
 8 0
 8 1
 8 2
 8 3
 8 4
 8 5
 8 6
 8 7
0
103
#26
 8 0
 8 1
 8 2
 8 3
 8 4
 8 5
 8 6
 8 7
0
93
#46
 8 0
 8 1
 8 2
 8 3
 8 4
 8 5
 8 6
 8 7
0
88
#52
 8 0
 8 1
 8 2
 8 3
 8 4
 8 5
 8 6
 8 7
0
112
#03
 8 0
 8 1
 8 2
 8 3
 8 4
 8 5
 8 6
 8 7
0
102
#17
 8 0
 8 1
 8 2
 8 3
 8 4
 8 5
 8 6
 8 7
0
84
#07
 8 0
 8 1
 8 2
 8 3
 8 4
 8 5
 8 6
 8 7
0
101
#08
 8 0
 8 1
 8 2
 8 3
 8 4
 8 5
 8 6
 8 7
0
100
#37
 8 0
 8 1
 8 2
 8 3
 8 4
 8 5
 8 6
 8 7
0
83
#51
 8 0
 8 1
 8 2
 8 3
 8 4
 8 5
 8 6
 8 7
0
111
#16
 8 0
 8 1
 8 2
 8 3
 8 4
 8 5
 8 6
 8 7
0
83
#46
 8 0
 8 1
 8 2
 8 3
 8 4
 8 5
 8 6
 8 7
0
87
#17
 8 0
 8 1
 8 2
 8 3
 8 4
 8 5
 8 6
 8 7
0
82
#04
 8 0
 8 1
 8 2
 8 3
 8 4
 8 5
 8 6
 8 7
0
99
#15
 8 0
 8 1
 8 2
 8 3
 8 4
 8 5
 8 6
 8 7
0
81
#52
 8 0
 8 1
 8 2
 8 3
 8 4
 8 5
 8 6
 8 7
0
110
#35
 8 0
 8 1
 8 2
 8 3
 8 4
 8 5
 8 6
 8 7
0
82
#34
 8 0
 8 1
 8 2
 8 3
 8 4
 8 5
 8 6
 8 7
0
81
#13
 8 0
 8 1
 8 2
 8 3
 8 4
 8 5
 8 6
 8 7
0
80
#32
 8 0
 8 1
 8 2
 8 3
 8 4
 8 5
 8 6
 8 7
0
80
#11
 8 0
 8 1
 8 2
 8 3
 8 4
 8 5
 8 6
 8 7
0
79
#41
 8 0
 8 1
 8 2
 8 3
 8 4
 8 5
 8 6
 8 7
0
86
#32
 8 0
 8 1
 8 2
 8 3
 8 4
 8 5
 8 6
 8 7
0
79
#43
 8 0
 8 1
 8 2
 8 3
 8 4
 8 5
 8 6
 8 7
0
85
#43
 8 0
 8 1
 8 2
 8 3
 8 4
 8 5
 8 6
 8 7
0
84
#58
 8 0
 8 1
 8 2
 8 3
 8 4
 8 5
 8 6
 8 7
0
109
#47
 8 0
 8 1
 8 2
 8 3
 8 4
 8 5
 8 6
 8 7
0
83
#07
 8 0
 8 1
 8 2
 8 3
 8 4
 8 5
 8 6
 8 7
0
98
#28
 8 0
 8 1
 8 2
 8 3
 8 4
 8 5
 8 6
 8 7
0
92
#06
 8 0
 8 1
 8 2
 8 3
 8 4
 8 5
 8 6
 8 7
0
97
#54
 8 0
 8 1
 8 2
 8 3
 8 4
 8 5
 8 6
 8 7
0
108
#38
 8 0
 8 1
 8 2
 8 3
 8 4
 8 5
 8 6
 8 7
0
78
#34
 8 0
 8 1
 8 2
 8 3
 8 4
 8 5
 8 6
 8 7
0
77
#37
 8 0
 8 1
 8 2
 8 3
 8 4
 8 5
 8 6
 8 7
0
76
#48
 8 0
 8 1
 8 2
 8 3
 8 4
 8 5
 8 6
 8 7
0
82
#47
 8 0
 8 1
 8 2
 8 3
 8 4
 8 5
 8 6
 8 7
0
81
#22
 8 0
 8 1
 8 2
 8 3
 8 4
 8 5
 8 6
 8 7
0
91
#43
 8 0
 8 1
 8 2
 8 3
 8 4
 8 5
 8 6
 8 7
0
80
#28
 8 0
 8 1
 8 2
 8 3
 8 4
 8 5
 8 6
 8 7
0
90
#08
 8 0
 8 1
 8 2
 8 3
 8 4
 8 5
 8 6
 8 7
0
96
#07
 8 0
 8 1
 8 2
 8 3
 8 4
 8 5
 8 6
 8 7
0
95
#56
 8 0
 8 1
 8 2
 8 3
 8 4
 8 5
 8 6
 8 7
0
107
#25
 8 0
 8 1
 8 2
 8 3
 8 4
 8 5
 8 6
 8 7
0
89
#42
 8 0
 8 1
 8 2
 8 3
 8 4
 8 5
 8 6
 8 7
0
79
#15
 8 0
 8 1
 8 2
 8 3
 8 4
 8 5
 8 6
 8 7
0
78
#22
 8 0
 8 1
 8 2
 8 3
 8 4
 8 5
 8 6
 8 7
0
88
#15
 8 0
 8 1
 8 2
 8 3
 8 4
 8 5
 8 6
 8 7
0
77
#22
 8 0
 8 1
 8 2
 8 3
 8 4
 8 5
 8 6
 8 7
0
87
#35
 8 0
 8 1
 8 2
 8 3
 8 4
 8 5
 8 6
 8 7
0
75
#45
 8 0
 8 1
 8 2
 8 3
 8 4
 8 5
 8 6
 8 7
0
78
#31
 8 0
 8 1
 8 2
 8 3
 8 4
 8 5
 8 6
 8 7
0
74
#32
 8 0
 8 1
 8 2
 8 3
 8 4
 8 5
 8 6
 8 7
0
73
#14
 8 0
 8 1
 8 2
 8 3
 8 4
 8 5
 8 6
 8 7
0
76
#12
 8 0
 8 1
 8 2
 8 3
 8 4
 8 5
 8 6
 8 7
0
75
#31
 8 0
 8 1
 8 2
 8 3
 8 4
 8 5
 8 6
 8 7
0
72
#48
 8 0
 8 1
 8 2
 8 3
 8 4
 8 5
 8 6
 8 7
0
77
#33
 8 0
 8 1
 8 2
 8 3
 8 4
 8 5
 8 6
 8 7
0
71
#48
 8 0
 8 1
 8 2
 8 3
 8 4
 8 5
 8 6
 8 7
0
76
#25
 8 0
 8 1
 8 2
 8 3
 8 4
 8 5
 8 6
 8 7
0
86
#18
 8 0
 8 1
 8 2
 8 3
 8 4
 8 5
 8 6
 8 7
0
74
#05
 8 0
 8 1
 8 2
 8 3
 8 4
 8 5
 8 6
 8 7
0
94
#21
 8 0
 8 1
 8 2
 8 3
 8 4
 8 5
 8 6
 8 7
0
85
#11
 8 0
 8 1
 8 2
 8 3
 8 4
 8 5
 8 6
 8 7
0
73
#56
 8 0
 8 1
 8 2
 8 3
 8 4
 8 5
 8 6
 8 7
0
106
#03
 8 0
 8 1
 8 2
 8 3
 8 4
 8 5
 8 6
 8 7
0
93
#53
 8 0
 8 1
 8 2
 8 3
 8 4
 8 5
 8 6
 8 7
0
105
#18
 8 0
 8 1
 8 2
 8 3
 8 4
 8 5
 8 6
 8 7
0
72
#25
 8 0
 8 1
 8 2
 8 3
 8 4
 8 5
 8 6
 8 7
0
84
#11
 8 0
 8 1
 8 2
 8 3
 8 4
 8 5
 8 6
 8 7
0
71
#25
 8 0
 8 1
 8 2
 8 3
 8 4
 8 5
 8 6
 8 7
0
83
#02
 8 0
 8 1
 8 2
 8 3
 8 4
 8 5
 8 6
 8 7
0
92
#25
 8 0
 8 1
 8 2
 8 3
 8 4
 8 5
 8 6
 8 7
0
82
#53
 8 0
 8 1
 8 2
 8 3
 8 4
 8 5
 8 6
 8 7
0
104
#08
 8 0
 8 1
 8 2
 8 3
 8 4
 8 5
 8 6
 8 7
0
91
#41
 8 0
 8 1
 8 2
 8 3
 8 4
 8 5
 8 6
 8 7
0
75
#16
 8 0
 8 1
 8 2
 8 3
 8 4
 8 5
 8 6
 8 7
0
70
#41
 8 0
 8 1
 8 2
 8 3
 8 4
 8 5
 8 6
 8 7
0
74
#21
 8 0
 8 1
 8 2
 8 3
 8 4
 8 5
 8 6
 8 7
0
81
#56
 8 0
 8 1
 8 2
 8 3
 8 4
 8 5
 8 6
 8 7
0
103
#02
 8 0
 8 1
 8 2
 8 3
 8 4
 8 5
 8 6
 8 7
0
90
#52
 8 0
 8 1
 8 2
 8 3
 8 4
 8 5
 8 6
 8 7
0
102
#33
 8 0
 8 1
 8 2
 8 3
 8 4
 8 5
 8 6
 8 7
0
70
#35
 8 0
 8 1
 8 2
 8 3
 8 4
 8 5
 8 6
 8 7
0
69
#55
 8 0
 8 1
 8 2
 8 3
 8 4
 8 5
 8 6
 8 7
0
101
#35
 8 0
 8 1
 8 2
 8 3
 8 4
 8 5
 8 6
 8 7
0
68
#03
 8 0
 8 1
 8 2
 8 3
 8 4
 8 5
 8 6
 8 7
0
89
#53
 8 0
 8 1
 8 2
 8 3
 8 4
 8 5
 8 6
 8 7
0
100
#28
 8 0
 8 1
 8 2
 8 3
 8 4
 8 5
 8 6
 8 7
0
80
#58
 8 0
 8 1
 8 2
 8 3
 8 4
 8 5
 8 6
 8 7
0
99
#46
 8 0
 8 1
 8 2
 8 3
 8 4
 8 5
 8 6
 8 7
0
73
#23
 8 0
 8 1
 8 2
 8 3
 8 4
 8 5
 8 6
 8 7
0
79
#57
 8 0
 8 1
 8 2
 8 3
 8 4
 8 5
 8 6
 8 7
0
98
#42
 8 0
 8 1
 8 2
 8 3
 8 4
 8 5
 8 6
 8 7
0
72
#28
 8 0
 8 1
 8 2
 8 3
 8 4
 8 5
 8 6
 8 7
0
78
#25
 8 0
 8 1
 8 2
 8 3
 8 4
 8 5
 8 6
 8 7
0
77
#27
 8 0
 8 1
 8 2
 8 3
 8 4
 8 5
 8 6
 8 7
0
76
#08
 8 0
 8 1
 8 2
 8 3
 8 4
 8 5
 8 6
 8 7
0
88
#24
 8 0
 8 1
 8 2
 8 3
 8 4
 8 5
 8 6
 8 7
0
75
#36
 8 0
 8 1
 8 2
 8 3
 8 4
 8 5
 8 6
 8 7
0
67
#02
 8 0
 8 1
 8 2
 8 3
 8 4
 8 5
 8 6
 8 7
0
87
#01
 8 0
 8 1
 8 2
 8 3
 8 4
 8 5
 8 6
 8 7
0
86
#51
 8 0
 8 1
 8 2
 8 3
 8 4
 8 5
 8 6
 8 7
0
97
#21
 8 0
 8 1
 8 2
 8 3
 8 4
 8 5
 8 6
 8 7
0
74
#13
 8 0
 8 1
 8 2
 8 3
 8 4
 8 5
 8 6
 8 7
0
69
#08
 8 0
 8 1
 8 2
 8 3
 8 4
 8 5
 8 6
 8 7
0
85
#02
 8 0
 8 1
 8 2
 8 3
 8 4
 8 5
 8 6
 8 7
0
84
#47
 8 0
 8 1
 8 2
 8 3
 8 4
 8 5
 8 6
 8 7
0
71
#41
 8 0
 8 1
 8 2
 8 3
 8 4
 8 5
 8 6
 8 7
0
70
#13
 8 0
 8 1
 8 2
 8 3
 8 4
 8 5
 8 6
 8 7
0
68
#14
 8 0
 8 1
 8 2
 8 3
 8 4
 8 5
 8 6
 8 7
0
67
#04
 8 0
 8 1
 8 2
 8 3
 8 4
 8 5
 8 6
 8 7
0
83
#42
 8 0
 8 1
 8 2
 8 3
 8 4
 8 5
 8 6
 8 7
0
69
#07
 8 0
 8 1
 8 2
 8 3
 8 4
 8 5
 8 6
 8 7
0
82
#24
 8 0
 8 1
 8 2
 8 3
 8 4
 8 5
 8 6
 8 7
0
73
#32
 8 0
 8 1
 8 2
 8 3
 8 4
 8 5
 8 6
 8 7
0
66
#24
 8 0
 8 1
 8 2
 8 3
 8 4
 8 5
 8 6
 8 7
0
72
#15
 8 0
 8 1
 8 2
 8 3
 8 4
 8 5
 8 6
 8 7
0
66
#27
 8 0
 8 1
 8 2
 8 3
 8 4
 8 5
 8 6
 8 7
0
71
#33
 8 0
 8 1
 8 2
 8 3
 8 4
 8 5
 8 6
 8 7
0
65
#24
 8 0
 8 1
 8 2
 8 3
 8 4
 8 5
 8 6
 8 7
0
70
#42
 8 0
 8 1
 8 2
 8 3
 8 4
 8 5
 8 6
 8 7
0
68
#56
 8 0
 8 1
 8 2
 8 3
 8 4
 8 5
 8 6
 8 7
0
96
#21
 8 0
 8 1
 8 2
 8 3
 8 4
 8 5
 8 6
 8 7
0
69
#08
 8 0
 8 1
 8 2
 8 3
 8 4
 8 5
 8 6
 8 7
0
81
#28
 8 0
 8 1
 8 2
 8 3
 8 4
 8 5
 8 6
 8 7
0
68
#24
 8 0
 8 1
 8 2
 8 3
 8 4
 8 5
 8 6
 8 7
0
67
#54
 8 0
 8 1
 8 2
 8 3
 8 4
 8 5
 8 6
 8 7
0
95
#57
 8 0
 8 1
 8 2
 8 3
 8 4
 8 5
 8 6
 8 7
0
94
#07
 8 0
 8 1
 8 2
 8 3
 8 4
 8 5
 8 6
 8 7
0
80
#03
 8 0
 8 1
 8 2
 8 3
 8 4
 8 5
 8 6
 8 7
0
79
#03
 8 0
 8 1
 8 2
 8 3
 8 4
 8 5
 8 6
 8 7
0
78
#42
 8 0
 8 1
 8 2
 8 3
 8 4
 8 5
 8 6
 8 7
0
67
#11
 8 0
 8 1
 8 2
 8 3
 8 4
 8 5
 8 6
 8 7
0
65
#24
 8 0
 8 1
 8 2
 8 3
 8 4
 8 5
 8 6
 8 7
0
66
#07
 8 0
 8 1
 8 2
 8 3
 8 4
 8 5
 8 6
 8 7
0
77
#57
 8 0
 8 1
 8 2
 8 3
 8 4
 8 5
 8 6
 8 7
0
93
#38
 8 0
 8 1
 8 2
 8 3
 8 4
 8 5
 8 6
 8 7
0
64
#14
 8 0
 8 1
 8 2
 8 3
 8 4
 8 5
 8 6
 8 7
0
64
#22
 8 0
 8 1
 8 2
 8 3
 8 4
 8 5
 8 6
 8 7
0
65
#15
 8 0
 8 1
 8 2
 8 3
 8 4
 8 5
 8 6
 8 7
0
63
#04
 8 0
 8 1
 8 2
 8 3
 8 4
 8 5
 8 6
 8 7
0
76
#55
 8 0
 8 1
 8 2
 8 3
 8 4
 8 5
 8 6
 8 7
0
92
#28
 8 0
 8 1
 8 2
 8 3
 8 4
 8 5
 8 6
 8 7
0
64
#52
 8 0
 8 1
 8 2
 8 3
 8 4
 8 5
 8 6
 8 7
0
91
#52
 8 0
 8 1
 8 2
 8 3
 8 4
 8 5
 8 6
 8 7
0
90
#38
 8 0
 8 1
 8 2
 8 3
 8 4
 8 5
 8 6
 8 7
0
63
#56
 8 0
 8 1
 8 2
 8 3
 8 4
 8 5
 8 6
 8 7
0
89
#04
 8 0
 8 1
 8 2
 8 3
 8 4
 8 5
 8 6
 8 7
0
75
#45
 8 0
 8 1
 8 2
 8 3
 8 4
 8 5
 8 6
 8 7
0
66
#23
 8 0
 8 1
 8 2
 8 3
 8 4
 8 5
 8 6
 8 7
0
63
#32
 8 0
 8 1
 8 2
 8 3
 8 4
 8 5
 8 6
 8 7
0
62
#58
 8 0
 8 1
 8 2
 8 3
 8 4
 8 5
 8 6
 8 7
0
88
#57
 8 0
 8 1
 8 2
 8 3
 8 4
 8 5
 8 6
 8 7
0
87
#35
 8 0
 8 1
 8 2
 8 3
 8 4
 8 5
 8 6
 8 7
0
61
#24
 8 0
 8 1
 8 2
 8 3
 8 4
 8 5
 8 6
 8 7
0
62
#48
 8 0
 8 1
 8 2
 8 3
 8 4
 8 5
 8 6
 8 7
0
65
#42
 8 0
 8 1
 8 2
 8 3
 8 4
 8 5
 8 6
 8 7
0
64
#21
 8 0
 8 1
 8 2
 8 3
 8 4
 8 5
 8 6
 8 7
0
61
#01
 8 0
 8 1
 8 2
 8 3
 8 4
 8 5
 8 6
 8 7
0
74
#57
 8 0
 8 1
 8 2
 8 3
 8 4
 8 5
 8 6
 8 7
0
86
#52
 8 0
 8 1
 8 2
 8 3
 8 4
 8 5
 8 6
 8 7
0
85
#48
 8 0
 8 1
 8 2
 8 3
 8 4
 8 5
 8 6
 8 7
0
63
#14
 8 0
 8 1
 8 2
 8 3
 8 4
 8 5
 8 6
 8 7
0
62
#43
 8 0
 8 1
 8 2
 8 3
 8 4
 8 5
 8 6
 8 7
0
62
#26
 8 0
 8 1
 8 2
 8 3
 8 4
 8 5
 8 6
 8 7
0
60
#52
 8 0
 8 1
 8 2
 8 3
 8 4
 8 5
 8 6
 8 7
0
84
#32
 8 0
 8 1
 8 2
 8 3
 8 4
 8 5
 8 6
 8 7
0
60
#48
 8 0
 8 1
 8 2
 8 3
 8 4
 8 5
 8 6
 8 7
0
61
#48
 8 0
 8 1
 8 2
 8 3
 8 4
 8 5
 8 6
 8 7
0
60
#18
 8 0
 8 1
 8 2
 8 3
 8 4
 8 5
 8 6
 8 7
0
61
#11
 8 0
 8 1
 8 2
 8 3
 8 4
 8 5
 8 6
 8 7
0
60
#14
 8 0
 8 1
 8 2
 8 3
 8 4
 8 5
 8 6
 8 7
0
59
#06
 8 0
 8 1
 8 2
 8 3
 8 4
 8 5
 8 6
 8 7
0
73
#51
 8 0
 8 1
 8 2
 8 3
 8 4
 8 5
 8 6
 8 7
0
83
#48
 8 0
 8 1
 8 2
 8 3
 8 4
 8 5
 8 6
 8 7
0
59
#54
 8 0
 8 1
 8 2
 8 3
 8 4
 8 5
 8 6
 8 7
0
82
#46
 8 0
 8 1
 8 2
 8 3
 8 4
 8 5
 8 6
 8 7
0
58
#46
 8 0
 8 1
 8 2
 8 3
 8 4
 8 5
 8 6
 8 7
0
57
#55
 8 0
 8 1
 8 2
 8 3
 8 4
 8 5
 8 6
 8 7
0
81
#06
 8 0
 8 1
 8 2
 8 3
 8 4
 8 5
 8 6
 8 7
0
72
#13
 8 0
 8 1
 8 2
 8 3
 8 4
 8 5
 8 6
 8 7
0
58
#03
 8 0
 8 1
 8 2
 8 3
 8 4
 8 5
 8 6
 8 7
0
71
#37
 8 0
 8 1
 8 2
 8 3
 8 4
 8 5
 8 6
 8 7
0
59
#46
 8 0
 8 1
 8 2
 8 3
 8 4
 8 5
 8 6
 8 7
0
56
#34
 8 0
 8 1
 8 2
 8 3
 8 4
 8 5
 8 6
 8 7
0
58
#35
 8 0
 8 1
 8 2
 8 3
 8 4
 8 5
 8 6
 8 7
0
57
#33
 8 0
 8 1
 8 2
 8 3
 8 4
 8 5
 8 6
 8 7
0
56
#21
 8 0
 8 1
 8 2
 8 3
 8 4
 8 5
 8 6
 8 7
0
59
#15
 8 0
 8 1
 8 2
 8 3
 8 4
 8 5
 8 6
 8 7
0
57
#28
 8 0
 8 1
 8 2
 8 3
 8 4
 8 5
 8 6
 8 7
0
58
#06
 8 0
 8 1
 8 2
 8 3
 8 4
 8 5
 8 6
 8 7
0
70
#58
 8 0
 8 1
 8 2
 8 3
 8 4
 8 5
 8 6
 8 7
0
80
#31
 8 0
 8 1
 8 2
 8 3
 8 4
 8 5
 8 6
 8 7
0
55
#11
 8 0
 8 1
 8 2
 8 3
 8 4
 8 5
 8 6
 8 7
0
56
#17
 8 0
 8 1
 8 2
 8 3
 8 4
 8 5
 8 6
 8 7
0
55
#17
 8 0
 8 1
 8 2
 8 3
 8 4
 8 5
 8 6
 8 7
0
54
#03
 8 0
 8 1
 8 2
 8 3
 8 4
 8 5
 8 6
 8 7
0
69
#51
 8 0
 8 1
 8 2
 8 3
 8 4
 8 5
 8 6
 8 7
0
79
#24
 8 0
 8 1
 8 2
 8 3
 8 4
 8 5
 8 6
 8 7
0
57
#51
 8 0
 8 1
 8 2
 8 3
 8 4
 8 5
 8 6
 8 7
0
78
#33
 8 0
 8 1
 8 2
 8 3
 8 4
 8 5
 8 6
 8 7
0
54
#04
 8 0
 8 1
 8 2
 8 3
 8 4
 8 5
 8 6
 8 7
0
68
#07
 8 0
 8 1
 8 2
 8 3
 8 4
 8 5
 8 6
 8 7
0
67
#54
 8 0
 8 1
 8 2
 8 3
 8 4
 8 5
 8 6
 8 7
0
77
#55
 8 0
 8 1
 8 2
 8 3
 8 4
 8 5
 8 6
 8 7
0
76
#34
 8 0
 8 1
 8 2
 8 3
 8 4
 8 5
 8 6
 8 7
0
53
#22
 8 0
 8 1
 8 2
 8 3
 8 4
 8 5
 8 6
 8 7
0
56
#22
 8 0
 8 1
 8 2
 8 3
 8 4
 8 5
 8 6
 8 7
0
55
#26
 8 0
 8 1
 8 2
 8 3
 8 4
 8 5
 8 6
 8 7
0
54
#46
 8 0
 8 1
 8 2
 8 3
 8 4
 8 5
 8 6
 8 7
0
55
#44
 8 0
 8 1
 8 2
 8 3
 8 4
 8 5
 8 6
 8 7
0
54
#02
 8 0
 8 1
 8 2
 8 3
 8 4
 8 5
 8 6
 8 7
0
66
#37
 8 0
 8 1
 8 2
 8 3
 8 4
 8 5
 8 6
 8 7
0
52
#47
 8 0
 8 1
 8 2
 8 3
 8 4
 8 5
 8 6
 8 7
0
53
#12
 8 0
 8 1
 8 2
 8 3
 8 4
 8 5
 8 6
 8 7
0
53
#03
 8 0
 8 1
 8 2
 8 3
 8 4
 8 5
 8 6
 8 7
0
65
#32
 8 0
 8 1
 8 2
 8 3
 8 4
 8 5
 8 6
 8 7
0
51
#52
 8 0
 8 1
 8 2
 8 3
 8 4
 8 5
 8 6
 8 7
0
75
#51
 8 0
 8 1
 8 2
 8 3
 8 4
 8 5
 8 6
 8 7
0
74
#26
 8 0
 8 1
 8 2
 8 3
 8 4
 8 5
 8 6
 8 7
0
53
#56
 8 0
 8 1
 8 2
 8 3
 8 4
 8 5
 8 6
 8 7
0
73
#52
 8 0
 8 1
 8 2
 8 3
 8 4
 8 5
 8 6
 8 7
0
72
#53
 8 0
 8 1
 8 2
 8 3
 8 4
 8 5
 8 6
 8 7
0
71
#01
 8 0
 8 1
 8 2
 8 3
 8 4
 8 5
 8 6
 8 7
0
64
#05
 8 0
 8 1
 8 2
 8 3
 8 4
 8 5
 8 6
 8 7
0
63
#52
 8 0
 8 1
 8 2
 8 3
 8 4
 8 5
 8 6
 8 7
0
70
#25
 8 0
 8 1
 8 2
 8 3
 8 4
 8 5
 8 6
 8 7
0
52
#03
 8 0
 8 1
 8 2
 8 3
 8 4
 8 5
 8 6
 8 7
0
62
#02
 8 0
 8 1
 8 2
 8 3
 8 4
 8 5
 8 6
 8 7
0
61
#34
 8 0
 8 1
 8 2
 8 3
 8 4
 8 5
 8 6
 8 7
0
50
#35
 8 0
 8 1
 8 2
 8 3
 8 4
 8 5
 8 6
 8 7
0
49
#42
 8 0
 8 1
 8 2
 8 3
 8 4
 8 5
 8 6
 8 7
0
52
#15
 8 0
 8 1
 8 2
 8 3
 8 4
 8 5
 8 6
 8 7
0
52
#12
 8 0
 8 1
 8 2
 8 3
 8 4
 8 5
 8 6
 8 7
0
51
#22
 8 0
 8 1
 8 2
 8 3
 8 4
 8 5
 8 6
 8 7
0
51
#33
 8 0
 8 1
 8 2
 8 3
 8 4
 8 5
 8 6
 8 7
0
48
#18
 8 0
 8 1
 8 2
 8 3
 8 4
 8 5
 8 6
 8 7
0
50
#44
 8 0
 8 1
 8 2
 8 3
 8 4
 8 5
 8 6
 8 7
0
51
#08
 8 0
 8 1
 8 2
 8 3
 8 4
 8 5
 8 6
 8 7
0
60
#38
 8 0
 8 1
 8 2
 8 3
 8 4
 8 5
 8 6
 8 7
0
47
#45
 8 0
 8 1
 8 2
 8 3
 8 4
 8 5
 8 6
 8 7
0
50
#47
 8 0
 8 1
 8 2
 8 3
 8 4
 8 5
 8 6
 8 7
0
49
#01
 8 0
 8 1
 8 2
 8 3
 8 4
 8 5
 8 6
 8 7
0
59
#41
 8 0
 8 1
 8 2
 8 3
 8 4
 8 5
 8 6
 8 7
0
48
#52
 8 0
 8 1
 8 2
 8 3
 8 4
 8 5
 8 6
 8 7
0
69
#56
 8 0
 8 1
 8 2
 8 3
 8 4
 8 5
 8 6
 8 7
0
68
#43
 8 0
 8 1
 8 2
 8 3
 8 4
 8 5
 8 6
 8 7
0
47
#52
 8 0
 8 1
 8 2
 8 3
 8 4
 8 5
 8 6
 8 7
0
67
#04
 8 0
 8 1
 8 2
 8 3
 8 4
 8 5
 8 6
 8 7
0
58
#24
 8 0
 8 1
 8 2
 8 3
 8 4
 8 5
 8 6
 8 7
0
50
#52
 8 0
 8 1
 8 2
 8 3
 8 4
 8 5
 8 6
 8 7
0
66
#22
 8 0
 8 1
 8 2
 8 3
 8 4
 8 5
 8 6
 8 7
0
49
#43
 8 0
 8 1
 8 2
 8 3
 8 4
 8 5
 8 6
 8 7
0
46
#11
 8 0
 8 1
 8 2
 8 3
 8 4
 8 5
 8 6
 8 7
0
49
#26
 8 0
 8 1
 8 2
 8 3
 8 4
 8 5
 8 6
 8 7
0
48
#04
 8 0
 8 1
 8 2
 8 3
 8 4
 8 5
 8 6
 8 7
0
57
#48
 8 0
 8 1
 8 2
 8 3
 8 4
 8 5
 8 6
 8 7
0
45
#21
 8 0
 8 1
 8 2
 8 3
 8 4
 8 5
 8 6
 8 7
0
47
#24
 8 0
 8 1
 8 2
 8 3
 8 4
 8 5
 8 6
 8 7
0
46
#28
 8 0
 8 1
 8 2
 8 3
 8 4
 8 5
 8 6
 8 7
0
45
#06
 8 0
 8 1
 8 2
 8 3
 8 4
 8 5
 8 6
 8 7
0
56
#42
 8 0
 8 1
 8 2
 8 3
 8 4
 8 5
 8 6
 8 7
0
44
#25
 8 0
 8 1
 8 2
 8 3
 8 4
 8 5
 8 6
 8 7
0
44
#08
 8 0
 8 1
 8 2
 8 3
 8 4
 8 5
 8 6
 8 7
0
55
#22
 8 0
 8 1
 8 2
 8 3
 8 4
 8 5
 8 6
 8 7
0
43
#34
 8 0
 8 1
 8 2
 8 3
 8 4
 8 5
 8 6
 8 7
0
46
#34
 8 0
 8 1
 8 2
 8 3
 8 4
 8 5
 8 6
 8 7
0
45
#51
 8 0
 8 1
 8 2
 8 3
 8 4
 8 5
 8 6
 8 7
0
65
#43
 8 0
 8 1
 8 2
 8 3
 8 4
 8 5
 8 6
 8 7
0
43
#13
 8 0
 8 1
 8 2
 8 3
 8 4
 8 5
 8 6
 8 7
0
48
#16
 8 0
 8 1
 8 2
 8 3
 8 4
 8 5
 8 6
 8 7
0
47
#11
 8 0
 8 1
 8 2
 8 3
 8 4
 8 5
 8 6
 8 7
0
46
#25
 8 0
 8 1
 8 2
 8 3
 8 4
 8 5
 8 6
 8 7
0
42
#47
 8 0
 8 1
 8 2
 8 3
 8 4
 8 5
 8 6
 8 7
0
42
#35
 8 0
 8 1
 8 2
 8 3
 8 4
 8 5
 8 6
 8 7
0
44
#02
 8 0
 8 1
 8 2
 8 3
 8 4
 8 5
 8 6
 8 7
0
54
#55
 8 0
 8 1
 8 2
 8 3
 8 4
 8 5
 8 6
 8 7
0
64
#24
 8 0
 8 1
 8 2
 8 3
 8 4
 8 5
 8 6
 8 7
0
41
#38
 8 0
 8 1
 8 2
 8 3
 8 4
 8 5
 8 6
 8 7
0
43
#31
 8 0
 8 1
 8 2
 8 3
 8 4
 8 5
 8 6
 8 7
0
42
#48
 8 0
 8 1
 8 2
 8 3
 8 4
 8 5
 8 6
 8 7
0
41
#42
 8 0
 8 1
 8 2
 8 3
 8 4
 8 5
 8 6
 8 7
0
40
#23
 8 0
 8 1
 8 2
 8 3
 8 4
 8 5
 8 6
 8 7
0
40
#56
 8 0
 8 1
 8 2
 8 3
 8 4
 8 5
 8 6
 8 7
0
63
#02
 8 0
 8 1
 8 2
 8 3
 8 4
 8 5
 8 6
 8 7
0
53
#06
 8 0
 8 1
 8 2
 8 3
 8 4
 8 5
 8 6
 8 7
0
52
#31
 8 0
 8 1
 8 2
 8 3
 8 4
 8 5
 8 6
 8 7
0
41
#57
 8 0
 8 1
 8 2
 8 3
 8 4
 8 5
 8 6
 8 7
0
62
#16
 8 0
 8 1
 8 2
 8 3
 8 4
 8 5
 8 6
 8 7
0
45
#32
 8 0
 8 1
 8 2
 8 3
 8 4
 8 5
 8 6
 8 7
0
40
#04
 8 0
 8 1
 8 2
 8 3
 8 4
 8 5
 8 6
 8 7
0
51
#03
 8 0
 8 1
 8 2
 8 3
 8 4
 8 5
 8 6
 8 7
0
50
#35
 8 0
 8 1
 8 2
 8 3
 8 4
 8 5
 8 6
 8 7
0
39
#38
 8 0
 8 1
 8 2
 8 3
 8 4
 8 5
 8 6
 8 7
0
38
#52
 8 0
 8 1
 8 2
 8 3
 8 4
 8 5
 8 6
 8 7
0
61
#41
 8 0
 8 1
 8 2
 8 3
 8 4
 8 5
 8 6
 8 7
0
39
#03
 8 0
 8 1
 8 2
 8 3
 8 4
 8 5
 8 6
 8 7
0
49
#48
 8 0
 8 1
 8 2
 8 3
 8 4
 8 5
 8 6
 8 7
0
38
#47
 8 0
 8 1
 8 2
 8 3
 8 4
 8 5
 8 6
 8 7
0
37
#08
 8 0
 8 1
 8 2
 8 3
 8 4
 8 5
 8 6
 8 7
0
48
#57
 8 0
 8 1
 8 2
 8 3
 8 4
 8 5
 8 6
 8 7
0
60
#51
 8 0
 8 1
 8 2
 8 3
 8 4
 8 5
 8 6
 8 7
0
59
#08
 8 0
 8 1
 8 2
 8 3
 8 4
 8 5
 8 6
 8 7
0
47
#02
 8 0
 8 1
 8 2
 8 3
 8 4
 8 5
 8 6
 8 7
0
46
#13
 8 0
 8 1
 8 2
 8 3
 8 4
 8 5
 8 6
 8 7
0
44
#08
 8 0
 8 1
 8 2
 8 3
 8 4
 8 5
 8 6
 8 7
0
45
#58
 8 0
 8 1
 8 2
 8 3
 8 4
 8 5
 8 6
 8 7
0
58
#31
 8 0
 8 1
 8 2
 8 3
 8 4
 8 5
 8 6
 8 7
0
37
#41
 8 0
 8 1
 8 2
 8 3
 8 4
 8 5
 8 6
 8 7
0
36
#45
 8 0
 8 1
 8 2
 8 3
 8 4
 8 5
 8 6
 8 7
0
35
#28
 8 0
 8 1
 8 2
 8 3
 8 4
 8 5
 8 6
 8 7
0
39
#41
 8 0
 8 1
 8 2
 8 3
 8 4
 8 5
 8 6
 8 7
0
34
#18
 8 0
 8 1
 8 2
 8 3
 8 4
 8 5
 8 6
 8 7
0
43
#52
 8 0
 8 1
 8 2
 8 3
 8 4
 8 5
 8 6
 8 7
0
57
#07
 8 0
 8 1
 8 2
 8 3
 8 4
 8 5
 8 6
 8 7
0
44
#47
 8 0
 8 1
 8 2
 8 3
 8 4
 8 5
 8 6
 8 7
0
33
#26
 8 0
 8 1
 8 2
 8 3
 8 4
 8 5
 8 6
 8 7
0
38
#54
 8 0
 8 1
 8 2
 8 3
 8 4
 8 5
 8 6
 8 7
0
56
#45
 8 0
 8 1
 8 2
 8 3
 8 4
 8 5
 8 6
 8 7
0
32
#08
 8 0
 8 1
 8 2
 8 3
 8 4
 8 5
 8 6
 8 7
0
43
#17
 8 0
 8 1
 8 2
 8 3
 8 4
 8 5
 8 6
 8 7
0
42
#15
 8 0
 8 1
 8 2
 8 3
 8 4
 8 5
 8 6
 8 7
0
41
#24
 8 0
 8 1
 8 2
 8 3
 8 4
 8 5
 8 6
 8 7
0
37
#55
 8 0
 8 1
 8 2
 8 3
 8 4
 8 5
 8 6
 8 7
0
55
#23
 8 0
 8 1
 8 2
 8 3
 8 4
 8 5
 8 6
 8 7
0
36
#58
 8 0
 8 1
 8 2
 8 3
 8 4
 8 5
 8 6
 8 7
0
54
#53
 8 0
 8 1
 8 2
 8 3
 8 4
 8 5
 8 6
 8 7
0
53
#17
 8 0
 8 1
 8 2
 8 3
 8 4
 8 5
 8 6
 8 7
0
40
#33
 8 0
 8 1
 8 2
 8 3
 8 4
 8 5
 8 6
 8 7
0
36
#51
 8 0
 8 1
 8 2
 8 3
 8 4
 8 5
 8 6
 8 7
0
52
#25
 8 0
 8 1
 8 2
 8 3
 8 4
 8 5
 8 6
 8 7
0
35
#56
 8 0
 8 1
 8 2
 8 3
 8 4
 8 5
 8 6
 8 7
0
51
#45
 8 0
 8 1
 8 2
 8 3
 8 4
 8 5
 8 6
 8 7
0
31
#24
 8 0
 8 1
 8 2
 8 3
 8 4
 8 5
 8 6
 8 7
0
34
#55
 8 0
 8 1
 8 2
 8 3
 8 4
 8 5
 8 6
 8 7
0
50
#43
 8 0
 8 1
 8 2
 8 3
 8 4
 8 5
 8 6
 8 7
0
30
#04
 8 0
 8 1
 8 2
 8 3
 8 4
 8 5
 8 6
 8 7
0
42
#17
 8 0
 8 1
 8 2
 8 3
 8 4
 8 5
 8 6
 8 7
0
39
#44
 8 0
 8 1
 8 2
 8 3
 8 4
 8 5
 8 6
 8 7
0
29
#53
 8 0
 8 1
 8 2
 8 3
 8 4
 8 5
 8 6
 8 7
0
49
#04
 8 0
 8 1
 8 2
 8 3
 8 4
 8 5
 8 6
 8 7
0
41
#07
 8 0
 8 1
 8 2
 8 3
 8 4
 8 5
 8 6
 8 7
0
40
#35
 8 0
 8 1
 8 2
 8 3
 8 4
 8 5
 8 6
 8 7
0
35
#37
 8 0
 8 1
 8 2
 8 3
 8 4
 8 5
 8 6
 8 7
0
34
#26
 8 0
 8 1
 8 2
 8 3
 8 4
 8 5
 8 6
 8 7
0
33
#14
 8 0
 8 1
 8 2
 8 3
 8 4
 8 5
 8 6
 8 7
0
38
#06
 8 0
 8 1
 8 2
 8 3
 8 4
 8 5
 8 6
 8 7
0
39
#48
 8 0
 8 1
 8 2
 8 3
 8 4
 8 5
 8 6
 8 7
0
28
#33
 8 0
 8 1
 8 2
 8 3
 8 4
 8 5
 8 6
 8 7
0
33
#26
 8 0
 8 1
 8 2
 8 3
 8 4
 8 5
 8 6
 8 7
0
32
#15
 8 0
 8 1
 8 2
 8 3
 8 4
 8 5
 8 6
 8 7
0
37
#03
 8 0
 8 1
 8 2
 8 3
 8 4
 8 5
 8 6
 8 7
0
38
#34
 8 0
 8 1
 8 2
 8 3
 8 4
 8 5
 8 6
 8 7
0
32
#57
 8 0
 8 1
 8 2
 8 3
 8 4
 8 5
 8 6
 8 7
0
48
#47
 8 0
 8 1
 8 2
 8 3
 8 4
 8 5
 8 6
 8 7
0
27
#18
 8 0
 8 1
 8 2
 8 3
 8 4
 8 5
 8 6
 8 7
0
36
#45
 8 0
 8 1
 8 2
 8 3
 8 4
 8 5
 8 6
 8 7
0
26
#53
 8 0
 8 1
 8 2
 8 3
 8 4
 8 5
 8 6
 8 7
0
47
#32
 8 0
 8 1
 8 2
 8 3
 8 4
 8 5
 8 6
 8 7
0
31
#27
 8 0
 8 1
 8 2
 8 3
 8 4
 8 5
 8 6
 8 7
0
31
#25
 8 0
 8 1
 8 2
 8 3
 8 4
 8 5
 8 6
 8 7
0
30
#18
 8 0
 8 1
 8 2
 8 3
 8 4
 8 5
 8 6
 8 7
0
35
#55
 8 0
 8 1
 8 2
 8 3
 8 4
 8 5
 8 6
 8 7
0
46
#15
 8 0
 8 1
 8 2
 8 3
 8 4
 8 5
 8 6
 8 7
0
34
#12
 8 0
 8 1
 8 2
 8 3
 8 4
 8 5
 8 6
 8 7
0
33
#13
 8 0
 8 1
 8 2
 8 3
 8 4
 8 5
 8 6
 8 7
0
32
#56
 8 0
 8 1
 8 2
 8 3
 8 4
 8 5
 8 6
 8 7
0
45
#44
 8 0
 8 1
 8 2
 8 3
 8 4
 8 5
 8 6
 8 7
0
25
#44
 8 0
 8 1
 8 2
 8 3
 8 4
 8 5
 8 6
 8 7
0
24
#55
 8 0
 8 1
 8 2
 8 3
 8 4
 8 5
 8 6
 8 7
0
44
#53
 8 0
 8 1
 8 2
 8 3
 8 4
 8 5
 8 6
 8 7
0
43
#36
 8 0
 8 1
 8 2
 8 3
 8 4
 8 5
 8 6
 8 7
0
30
#57
 8 0
 8 1
 8 2
 8 3
 8 4
 8 5
 8 6
 8 7
0
42
#54
 8 0
 8 1
 8 2
 8 3
 8 4
 8 5
 8 6
 8 7
0
41
#18
 8 0
 8 1
 8 2
 8 3
 8 4
 8 5
 8 6
 8 7
0
31
#57
 8 0
 8 1
 8 2
 8 3
 8 4
 8 5
 8 6
 8 7
0
40
#55
 8 0
 8 1
 8 2
 8 3
 8 4
 8 5
 8 6
 8 7
0
39
#01
 8 0
 8 1
 8 2
 8 3
 8 4
 8 5
 8 6
 8 7
0
37
#25
 8 0
 8 1
 8 2
 8 3
 8 4
 8 5
 8 6
 8 7
0
29
#32
 8 0
 8 1
 8 2
 8 3
 8 4
 8 5
 8 6
 8 7
0
29
#56
 8 0
 8 1
 8 2
 8 3
 8 4
 8 5
 8 6
 8 7
0
38
#56
 8 0
 8 1
 8 2
 8 3
 8 4
 8 5
 8 6
 8 7
0
37
#13
 8 0
 8 1
 8 2
 8 3
 8 4
 8 5
 8 6
 8 7
0
30
#58
 8 0
 8 1
 8 2
 8 3
 8 4
 8 5
 8 6
 8 7
0
36
#17
 8 0
 8 1
 8 2
 8 3
 8 4
 8 5
 8 6
 8 7
0
29
#32
 8 0
 8 1
 8 2
 8 3
 8 4
 8 5
 8 6
 8 7
0
28
#41
 8 0
 8 1
 8 2
 8 3
 8 4
 8 5
 8 6
 8 7
0
23
#26
 8 0
 8 1
 8 2
 8 3
 8 4
 8 5
 8 6
 8 7
0
28
#56
 8 0
 8 1
 8 2
 8 3
 8 4
 8 5
 8 6
 8 7
0
35
#56
 8 0
 8 1
 8 2
 8 3
 8 4
 8 5
 8 6
 8 7
0
34
#02
 8 0
 8 1
 8 2
 8 3
 8 4
 8 5
 8 6
 8 7
0
36
#03
 8 0
 8 1
 8 2
 8 3
 8 4
 8 5
 8 6
 8 7
0
35
#53
 8 0
 8 1
 8 2
 8 3
 8 4
 8 5
 8 6
 8 7
0
33
#54
 8 0
 8 1
 8 2
 8 3
 8 4
 8 5
 8 6
 8 7
0
32
#23
 8 0
 8 1
 8 2
 8 3
 8 4
 8 5
 8 6
 8 7
0
27
#06
 8 0
 8 1
 8 2
 8 3
 8 4
 8 5
 8 6
 8 7
0
34
#03
 8 0
 8 1
 8 2
 8 3
 8 4
 8 5
 8 6
 8 7
0
33
#18
 8 0
 8 1
 8 2
 8 3
 8 4
 8 5
 8 6
 8 7
0
28
#27
 8 0
 8 1
 8 2
 8 3
 8 4
 8 5
 8 6
 8 7
0
26
#07
 8 0
 8 1
 8 2
 8 3
 8 4
 8 5
 8 6
 8 7
0
32
#07
 8 0
 8 1
 8 2
 8 3
 8 4
 8 5
 8 6
 8 7
0
31
#56
 8 0
 8 1
 8 2
 8 3
 8 4
 8 5
 8 6
 8 7
0
31
#04
 8 0
 8 1
 8 2
 8 3
 8 4
 8 5
 8 6
 8 7
0
30
#03
 8 0
 8 1
 8 2
 8 3
 8 4
 8 5
 8 6
 8 7
0
29
#06
 8 0
 8 1
 8 2
 8 3
 8 4
 8 5
 8 6
 8 7
0
28
#41
 8 0
 8 1
 8 2
 8 3
 8 4
 8 5
 8 6
 8 7
0
22
#52
 8 0
 8 1
 8 2
 8 3
 8 4
 8 5
 8 6
 8 7
0
30
#03
 8 0
 8 1
 8 2
 8 3
 8 4
 8 5
 8 6
 8 7
0
27
#41
 8 0
 8 1
 8 2
 8 3
 8 4
 8 5
 8 6
 8 7
0
21
#03
 8 0
 8 1
 8 2
 8 3
 8 4
 8 5
 8 6
 8 7
0
26
#56
 8 0
 8 1
 8 2
 8 3
 8 4
 8 5
 8 6
 8 7
0
29
#41
 8 0
 8 1
 8 2
 8 3
 8 4
 8 5
 8 6
 8 7
0
20
#14
 8 0
 8 1
 8 2
 8 3
 8 4
 8 5
 8 6
 8 7
0
27
#57
 8 0
 8 1
 8 2
 8 3
 8 4
 8 5
 8 6
 8 7
0
28
#03
 8 0
 8 1
 8 2
 8 3
 8 4
 8 5
 8 6
 8 7
0
25
#46
 8 0
 8 1
 8 2
 8 3
 8 4
 8 5
 8 6
 8 7
0
19
#34
 8 0
 8 1
 8 2
 8 3
 8 4
 8 5
 8 6
 8 7
0
27
#07
 8 0
 8 1
 8 2
 8 3
 8 4
 8 5
 8 6
 8 7
0
24
#33
 8 0
 8 1
 8 2
 8 3
 8 4
 8 5
 8 6
 8 7
0
26
#45
 8 0
 8 1
 8 2
 8 3
 8 4
 8 5
 8 6
 8 7
0
18
#27
 8 0
 8 1
 8 2
 8 3
 8 4
 8 5
 8 6
 8 7
0
25
#38
 8 0
 8 1
 8 2
 8 3
 8 4
 8 5
 8 6
 8 7
0
25
#52
 8 0
 8 1
 8 2
 8 3
 8 4
 8 5
 8 6
 8 7
0
27
#11
 8 0
 8 1
 8 2
 8 3
 8 4
 8 5
 8 6
 8 7
0
26
#57
 8 0
 8 1
 8 2
 8 3
 8 4
 8 5
 8 6
 8 7
0
26
#46
 8 0
 8 1
 8 2
 8 3
 8 4
 8 5
 8 6
 8 7
0
17
#54
 8 0
 8 1
 8 2
 8 3
 8 4
 8 5
 8 6
 8 7
0
25
#15
 8 0
 8 1
 8 2
 8 3
 8 4
 8 5
 8 6
 8 7
0
25
#07
 8 0
 8 1
 8 2
 8 3
 8 4
 8 5
 8 6
 8 7
0
23
#48
 8 0
 8 1
 8 2
 8 3
 8 4
 8 5
 8 6
 8 7
0
16
#28
 8 0
 8 1
 8 2
 8 3
 8 4
 8 5
 8 6
 8 7
0
24
#08
 8 0
 8 1
 8 2
 8 3
 8 4
 8 5
 8 6
 8 7
0
22
#45
 8 0
 8 1
 8 2
 8 3
 8 4
 8 5
 8 6
 8 7
0
15
#27
 8 0
 8 1
 8 2
 8 3
 8 4
 8 5
 8 6
 8 7
0
23
#42
 8 0
 8 1
 8 2
 8 3
 8 4
 8 5
 8 6
 8 7
0
14
#37
 8 0
 8 1
 8 2
 8 3
 8 4
 8 5
 8 6
 8 7
0
24
#47
 8 0
 8 1
 8 2
 8 3
 8 4
 8 5
 8 6
 8 7
0
13
#56
 8 0
 8 1
 8 2
 8 3
 8 4
 8 5
 8 6
 8 7
0
24
#15
 8 0
 8 1
 8 2
 8 3
 8 4
 8 5
 8 6
 8 7
0
24
#13
 8 0
 8 1
 8 2
 8 3
 8 4
 8 5
 8 6
 8 7
0
23
#27
 8 0
 8 1
 8 2
 8 3
 8 4
 8 5
 8 6
 8 7
0
22
#06
 8 0
 8 1
 8 2
 8 3
 8 4
 8 5
 8 6
 8 7
0
21
#05
 8 0
 8 1
 8 2
 8 3
 8 4
 8 5
 8 6
 8 7
0
20
#36
 8 0
 8 1
 8 2
 8 3
 8 4
 8 5
 8 6
 8 7
0
23
#55
 8 0
 8 1
 8 2
 8 3
 8 4
 8 5
 8 6
 8 7
0
23
#12
 8 0
 8 1
 8 2
 8 3
 8 4
 8 5
 8 6
 8 7
0
22
#01
 8 0
 8 1
 8 2
 8 3
 8 4
 8 5
 8 6
 8 7
0
19
#26
 8 0
 8 1
 8 2
 8 3
 8 4
 8 5
 8 6
 8 7
0
21
#24
 8 0
 8 1
 8 2
 8 3
 8 4
 8 5
 8 6
 8 7
0
20
#42
 8 0
 8 1
 8 2
 8 3
 8 4
 8 5
 8 6
 8 7
0
12
#36
 8 0
 8 1
 8 2
 8 3
 8 4
 8 5
 8 6
 8 7
0
22
#16
 8 0
 8 1
 8 2
 8 3
 8 4
 8 5
 8 6
 8 7
0
21
#01
 8 0
 8 1
 8 2
 8 3
 8 4
 8 5
 8 6
 8 7
0
18
#58
 8 0
 8 1
 8 2
 8 3
 8 4
 8 5
 8 6
 8 7
0
22
#23
 8 0
 8 1
 8 2
 8 3
 8 4
 8 5
 8 6
 8 7
0
19
#58
 8 0
 8 1
 8 2
 8 3
 8 4
 8 5
 8 6
 8 7
0
21
#28
 8 0
 8 1
 8 2
 8 3
 8 4
 8 5
 8 6
 8 7
0
18
#31
 8 0
 8 1
 8 2
 8 3
 8 4
 8 5
 8 6
 8 7
0
21
#06
 8 0
 8 1
 8 2
 8 3
 8 4
 8 5
 8 6
 8 7
0
17
#37
 8 0
 8 1
 8 2
 8 3
 8 4
 8 5
 8 6
 8 7
0
20
#16
 8 0
 8 1
 8 2
 8 3
 8 4
 8 5
 8 6
 8 7
0
20
#35
 8 0
 8 1
 8 2
 8 3
 8 4
 8 5
 8 6
 8 7
0
19
#08
 8 0
 8 1
 8 2
 8 3
 8 4
 8 5
 8 6
 8 7
0
16
#01
 8 0
 8 1
 8 2
 8 3
 8 4
 8 5
 8 6
 8 7
0
15
#51
 8 0
 8 1
 8 2
 8 3
 8 4
 8 5
 8 6
 8 7
0
20
#28
 8 0
 8 1
 8 2
 8 3
 8 4
 8 5
 8 6
 8 7
0
17
#43
 8 0
 8 1
 8 2
 8 3
 8 4
 8 5
 8 6
 8 7
0
11
#28
 8 0
 8 1
 8 2
 8 3
 8 4
 8 5
 8 6
 8 7
0
16
#21
 8 0
 8 1
 8 2
 8 3
 8 4
 8 5
 8 6
 8 7
0
15
#26
 8 0
 8 1
 8 2
 8 3
 8 4
 8 5
 8 6
 8 7
0
14
#52
 8 0
 8 1
 8 2
 8 3
 8 4
 8 5
 8 6
 8 7
0
19
#03
 8 0
 8 1
 8 2
 8 3
 8 4
 8 5
 8 6
 8 7
0
14
#02
 8 0
 8 1
 8 2
 8 3
 8 4
 8 5
 8 6
 8 7
0
13
#54
 8 0
 8 1
 8 2
 8 3
 8 4
 8 5
 8 6
 8 7
0
18
#18
 8 0
 8 1
 8 2
 8 3
 8 4
 8 5
 8 6
 8 7
0
19
#43
 8 0
 8 1
 8 2
 8 3
 8 4
 8 5
 8 6
 8 7
0
10
#51
 8 0
 8 1
 8 2
 8 3
 8 4
 8 5
 8 6
 8 7
0
17
#38
 8 0
 8 1
 8 2
 8 3
 8 4
 8 5
 8 6
 8 7
0
18
#15
 8 0
 8 1
 8 2
 8 3
 8 4
 8 5
 8 6
 8 7
0
18
#46
 8 0
 8 1
 8 2
 8 3
 8 4
 8 5
 8 6
 8 7
0
9
#16
 8 0
 8 1
 8 2
 8 3
 8 4
 8 5
 8 6
 8 7
0
17
#02
 8 0
 8 1
 8 2
 8 3
 8 4
 8 5
 8 6
 8 7
0
12
#21
 8 0
 8 1
 8 2
 8 3
 8 4
 8 5
 8 6
 8 7
0
13
#17
 8 0
 8 1
 8 2
 8 3
 8 4
 8 5
 8 6
 8 7
0
16
#13
 8 0
 8 1
 8 2
 8 3
 8 4
 8 5
 8 6
 8 7
0
15
#41
 8 0
 8 1
 8 2
 8 3
 8 4
 8 5
 8 6
 8 7
0
8
#06
 8 0
 8 1
 8 2
 8 3
 8 4
 8 5
 8 6
 8 7
0
11
#11
 8 0
 8 1
 8 2
 8 3
 8 4
 8 5
 8 6
 8 7
0
14
#46
 8 0
 8 1
 8 2
 8 3
 8 4
 8 5
 8 6
 8 7
0
7
#57
 8 0
 8 1
 8 2
 8 3
 8 4
 8 5
 8 6
 8 7
0
16
#58
 8 0
 8 1
 8 2
 8 3
 8 4
 8 5
 8 6
 8 7
0
15
#42
 8 0
 8 1
 8 2
 8 3
 8 4
 8 5
 8 6
 8 7
0
6
#24
 8 0
 8 1
 8 2
 8 3
 8 4
 8 5
 8 6
 8 7
0
12
#55
 8 0
 8 1
 8 2
 8 3
 8 4
 8 5
 8 6
 8 7
0
14
#31
 8 0
 8 1
 8 2
 8 3
 8 4
 8 5
 8 6
 8 7
0
17
#27
 8 0
 8 1
 8 2
 8 3
 8 4
 8 5
 8 6
 8 7
0
11
#13
 8 0
 8 1
 8 2
 8 3
 8 4
 8 5
 8 6
 8 7
0
13
#05
 8 0
 8 1
 8 2
 8 3
 8 4
 8 5
 8 6
 8 7
0
10
#58
 8 0
 8 1
 8 2
 8 3
 8 4
 8 5
 8 6
 8 7
0
13
#23
 8 0
 8 1
 8 2
 8 3
 8 4
 8 5
 8 6
 8 7
0
10
#11
 8 0
 8 1
 8 2
 8 3
 8 4
 8 5
 8 6
 8 7
0
12
#36
 8 0
 8 1
 8 2
 8 3
 8 4
 8 5
 8 6
 8 7
0
16
#44
 8 0
 8 1
 8 2
 8 3
 8 4
 8 5
 8 6
 8 7
0
5
#38
 8 0
 8 1
 8 2
 8 3
 8 4
 8 5
 8 6
 8 7
0
15
#17
 8 0
 8 1
 8 2
 8 3
 8 4
 8 5
 8 6
 8 7
0
11
#46
 8 0
 8 1
 8 2
 8 3
 8 4
 8 5
 8 6
 8 7
0
4
#37
 8 0
 8 1
 8 2
 8 3
 8 4
 8 5
 8 6
 8 7
0
14
#37
 8 0
 8 1
 8 2
 8 3
 8 4
 8 5
 8 6
 8 7
0
13
#21
 8 0
 8 1
 8 2
 8 3
 8 4
 8 5
 8 6
 8 7
0
9
#13
 8 0
 8 1
 8 2
 8 3
 8 4
 8 5
 8 6
 8 7
0
10
#15
 8 0
 8 1
 8 2
 8 3
 8 4
 8 5
 8 6
 8 7
0
9
#06
 8 0
 8 1
 8 2
 8 3
 8 4
 8 5
 8 6
 8 7
0
9
#23
 8 0
 8 1
 8 2
 8 3
 8 4
 8 5
 8 6
 8 7
0
8
#01
 8 0
 8 1
 8 2
 8 3
 8 4
 8 5
 8 6
 8 7
0
8
#03
 8 0
 8 1
 8 2
 8 3
 8 4
 8 5
 8 6
 8 7
0
7
#35
 8 0
 8 1
 8 2
 8 3
 8 4
 8 5
 8 6
 8 7
0
12
#51
 8 0
 8 1
 8 2
 8 3
 8 4
 8 5
 8 6
 8 7
0
12
#34
 8 0
 8 1
 8 2
 8 3
 8 4
 8 5
 8 6
 8 7
0
11
#56
 8 0
 8 1
 8 2
 8 3
 8 4
 8 5
 8 6
 8 7
0
11
#23
 8 0
 8 1
 8 2
 8 3
 8 4
 8 5
 8 6
 8 7
0
7
#38
 8 0
 8 1
 8 2
 8 3
 8 4
 8 5
 8 6
 8 7
0
10
#07
 8 0
 8 1
 8 2
 8 3
 8 4
 8 5
 8 6
 8 7
0
6
#11
 8 0
 8 1
 8 2
 8 3
 8 4
 8 5
 8 6
 8 7
0
8
#53
 8 0
 8 1
 8 2
 8 3
 8 4
 8 5
 8 6
 8 7
0
10
#07
 8 0
 8 1
 8 2
 8 3
 8 4
 8 5
 8 6
 8 7
0
5
#33
 8 0
 8 1
 8 2
 8 3
 8 4
 8 5
 8 6
 8 7
0
9
#52
 8 0
 8 1
 8 2
 8 3
 8 4
 8 5
 8 6
 8 7
0
9
#34
 8 0
 8 1
 8 2
 8 3
 8 4
 8 5
 8 6
 8 7
0
8
#31
 8 0
 8 1
 8 2
 8 3
 8 4
 8 5
 8 6
 8 7
0
7
#26
 8 0
 8 1
 8 2
 8 3
 8 4
 8 5
 8 6
 8 7
0
6
#56
 8 0
 8 1
 8 2
 8 3
 8 4
 8 5
 8 6
 8 7
0
8
#13
 8 0
 8 1
 8 2
 8 3
 8 4
 8 5
 8 6
 8 7
0
7
#54
 8 0
 8 1
 8 2
 8 3
 8 4
 8 5
 8 6
 8 7
0
7
#55
 8 0
 8 1
 8 2
 8 3
 8 4
 8 5
 8 6
 8 7
0
6
#15
 8 0
 8 1
 8 2
 8 3
 8 4
 8 5
 8 6
 8 7
0
6
#34
 8 0
 8 1
 8 2
 8 3
 8 4
 8 5
 8 6
 8 7
0
6
#43
 8 0
 8 1
 8 2
 8 3
 8 4
 8 5
 8 6
 8 7
0
3
#02
 8 0
 8 1
 8 2
 8 3
 8 4
 8 5
 8 6
 8 7
0
4
#58
 8 0
 8 1
 8 2
 8 3
 8 4
 8 5
 8 6
 8 7
0
5
#02
 8 0
 8 1
 8 2
 8 3
 8 4
 8 5
 8 6
 8 7
0
3
#38
 8 0
 8 1
 8 2
 8 3
 8 4
 8 5
 8 6
 8 7
0
5
#05
 8 0
 8 1
 8 2
 8 3
 8 4
 8 5
 8 6
 8 7
0
2
#04
 8 0
 8 1
 8 2
 8 3
 8 4
 8 5
 8 6
 8 7
0
1
#11
 8 0
 8 1
 8 2
 8 3
 8 4
 8 5
 8 6
 8 7
0
5
#44
 8 0
 8 1
 8 2
 8 3
 8 4
 8 5
 8 6
 8 7
0
2
#35
 8 0
 8 1
 8 2
 8 3
 8 4
 8 5
 8 6
 8 7
0
4
#58
 8 0
 8 1
 8 2
 8 3
 8 4
 8 5
 8 6
 8 7
0
4
#43
 8 0
 8 1
 8 2
 8 3
 8 4
 8 5
 8 6
 8 7
0
1
#54
 8 0
 8 1
 8 2
 8 3
 8 4
 8 5
 8 6
 8 7
0
3
#56
 8 0
 8 1
 8 2
 8 3
 8 4
 8 5
 8 6
 8 7
0
2
#34
 8 0
 8 1
 8 2
 8 3
 8 4
 8 5
 8 6
 8 7
0
3
#08
 8 0
 8 1
 8 2
 8 3
 8 4
 8 5
 8 6
 8 7
0
0
#11
 8 0
 8 1
 8 2
 8 3
 8 4
 8 5
 8 6
 8 7
0
4
#32
 8 0
 8 1
 8 2
 8 3
 8 4
 8 5
 8 6
 8 7
0
2
#55
 8 0
 8 1
 8 2
 8 3
 8 4
 8 5
 8 6
 8 7
0
1
#12
 8 0
 8 1
 8 2
 8 3
 8 4
 8 5
 8 6
 8 7
0
3
#27
 8 0
 8 1
 8 2
 8 3
 8 4
 8 5
 8 6
 8 7
0
5
#23
 8 0
 8 1
 8 2
 8 3
 8 4
 8 5
 8 6
 8 7
0
4
#12
 8 0
 8 1
 8 2
 8 3
 8 4
 8 5
 8 6
 8 7
0
2
#28
 8 0
 8 1
 8 2
 8 3
 8 4
 8 5
 8 6
 8 7
0
3
#27
 8 0
 8 1
 8 2
 8 3
 8 4
 8 5
 8 6
 8 7
0
2
#57
 8 0
 8 1
 8 2
 8 3
 8 4
 8 5
 8 6
 8 7
0
0
#21
 8 0
 8 1
 8 2
 8 3
 8 4
 8 5
 8 6
 8 7
0
1
#15
 8 0
 8 1
 8 2
 8 3
 8 4
 8 5
 8 6
 8 7
0
1
#38
 8 0
 8 1
 8 2
 8 3
 8 4
 8 5
 8 6
 8 7
0
1
#42
 8 0
 8 1
 8 2
 8 3
 8 4
 8 5
 8 6
 8 7
0
0
#27
 8 0
 8 1
 8 2
 8 3
 8 4
 8 5
 8 6
 8 7
0
0
#14
 8 0
 8 1
 8 2
 8 3
 8 4
 8 5
 8 6
 8 7
0
0
#34
 8 0
 8 1
 8 2
 8 3
 8 4
 8 5
 8 6
 8 7
0
0
